NEW_IMAGE:
41 37
37 41
41 69
69 41
41 69
69 41
41 101
101 41
41 101
101 33
33 69
69 41
41 101
101 41
41 101
101 41
41 69
69 41
41 69
69 41
41 69
69 41
41 69
69 41
41 69
69 41
41 69
69 41
41 101
101 41
41 102
102 41
41 101
101 41
41 101
101 41
41 69
69 41
41 101
101 41
41 101
101 41
41 101
101 41
41 101
101 41
41 101
101 49
49 133
133 41
41 101
101 41
41 101
101 41
41 133
133 41
41 101
101 41
41 101
101 49
49 134
134 49
49 101
101 41
41 101
101 49
49 101
101 49
49 102
102 49
49 134
134 41
41 134
134 49
49 134
134 49
49 133
133 49
49 133
133 49
49 133
133 49
49 102
102 49
49 102
102 49
49 102
102 41
41 134
134 41
41 134
134 49
49 134
134 49
49 134
134 41
41 133
133 49
49 166
166 49
49 134
134 49
49 133
133 49
49 133
133 49
49 134
134 41
41 133
133 49
49 134
134 41
41 134
134 41
41 134
134 41
41 134
134 49
49 134
134 49
49 133
133 49
49 134
134 49
49 134
134 41
41 134
134 49
49 166
166 41
41 133
133 49
49 166
166 49
49 134
134 49
49 134
134 49
49 134
134 49
49 134
134 49
49 134
134 49
49 134
134 49
49 134
134 49
49 134
134 49
49 134
134 49
49 134
134 49
49 134
134 49
49 134
134 49
49 166
166 49
49 166
166 49
49 166
166 49
49 134
134 49
49 166
166 49
49 134
134 49
49 134
134 49
49 166
166 49
49 134
134 49
49 166
166 49
49 166
166 49
49 166
166 49
49 166
166 49
49 166
166 49
49 166
166 49
49 166
166 49
49 167
167 49
49 199
199 49
49 167
167 49
49 135
135 57
57 167
167 49
49 167
167 49
49 167
167 49
49 199
199 49
49 167
167 49
49 167
167 49
49 166
166 49
49 199
199 49
49 167
167 49
49 167
167 49
49 199
199 49
49 199
199 49
49 199
199 49
49 167
167 49
49 200
200 49
49 167
167 49
49 199
199 49
49 199
199 49
49 199
199 49
49 167
167 49
49 167
167 49
49 167
167 49
49 167
167 49
49 199
199 49
49 167
167 49
49 167
167 49
49 167
167 49
49 199
199 49
49 167
167 57
57 199
199 41
41 167
167 49
49 199
199 49
49 167
167 41
41 38
38 32
32 196
196 32
32 195
195 32
32 227
227 33
33 3
3 33
33 3
3 24
24 227
227 32
32 227
227 24
24 195
195 32
32 195
195 24
24 195
195 24
24 162
162 24
24 195
195 24
24 195
195 32
32 195
195 24
24 195
195 24
24 195
195 24
24 195
195 24
24 195
195 24
24 195
195 24
24 195
195 16
16 195
195 24
24 195
195 24
24 163
163 32
32 163
163 16
16 163
163 24
24 228
228 24
24 227
227 24
24 227
227 32
32 227
227 32
32 227
227 32
32 195
195 32
32 195
195 32
32 195
195 32
32 163
163 24
24 163
163 24
24 163
163 24
24 163
163 32
32 162
162 32
32 195
195 24
24 195
195 24
24 195
195 32
32 163
163 32
32 163
163 32
32 162
162 24
24 162
162 32
32 162
162 24
24 162
162 24
24 194
194 24
24 194
194 24
24 195
195 24
24 194
194 24
24 227
227 24
24 195
195 24
24 195
195 24
24 195
195 32
32 195
195 24
24 195
195 32
32 195
195 32
32 195
195 24
24 195
195 24
24 227
227 32
32 227
227 24
24 195
195 32
32 195
195 32
32 163
163 40
40 163
163 32
32 163
163 32
32 196
196 24
24 195
195 24
24 227
227 24
24 195
195 24
24 227
227 24
24 227
227 24
24 195
195 24
24 194
194 24
24 194
194 24
24 194
194 24
24 194
194 32
32 162
162 40
40 162
162 32
32 195
195 32
32 227
227 33
33 36
36 33
33 36
36 41
41 69
69 41
41 36
36 33
33 36
36 33
33 36
36 33
33 36
36 33
33 4
4 24
24 227
227 24
24 227
227 24
24 227
227 25
25 4
4 33
33 4
4 24
24 227
227 33
33 4
4 33
33 4
4 41
41 36
36 41
41 36
36 41
41 4
4 49
49 36
36 41
41 4
4 41
41 36
36 41
41 4
4 41
41 3
3 41
41 36
36 41
41 3
3 33
33 3
3 32
32 227
227 32
32 227
227 32
32 227
227 32
32 227
227 24
24 227
227 32
32 227
227 32
32 227
227 32
32 227
227 32
32 227
227 32
32 227
227 33
33 3
3 32
32 227
227 33
33 3
3 41
41 4
4 48
48 228
228 49
49 36
36 57
57 37
37 57
57 36
36 41
41 36
36 48
48 226
226 65
65 166
166 106
106 203
203 156
156 113
113 181
181 118
118 206
206 56
56 222
222 186
186 206
206 89
89 206
206 121
121 198
198 56
56 189
189 215
215 164
164 244
244 131
131 206
206 115
115 45
45 115
115 78
78 123
123 175
175 123
123 175
175 123
123 175
175 115
115 175
175 123
123 175
175 115
115 175
175 115
115 175
175 115
115 143
143 115
115 143
143 115
115 143
143 115
115 111
111 115
115 110
110 115
115 143
143 115
115 111
111 115
115 111
111 115
115 78
78 115
115 79
79 123
123 145
145 131
131 178
178 131
131 209
209 148
148 20
20 156
156 181
181 165
165 54
54 189
189 217
217 189
189 216
216 197
197 248
248 198
198 24
24 198
198 24
24 198
198 24
24 206
206 56
56 198
198 24
24 206
206 24
24 206
206 24
24 198
198 24
24 198
198 24
24 206
206 24
24 206
206 24
24 198
198 24
24 198
198 24
24 206
206 56
56 198
198 24
24 197
197 247
247 197
197 247
247 197
197 247
247 197
END_IMAGE:
NEW_IMAGE:
66 7
7 65
65 231
231 65
65 231
231 65
65 231
231 66
66 7
7 73
73 231
231 81
81 231
231 82
82 7
7 82
82 7
7 81
81 230
230 82
82 7
7 82
82 6
6 74
74 6
6 74
74 39
39 82
82 7
7 82
82 8
8 82
82 40
40 74
74 40
40 74
74 40
40 74
74 7
7 74
74 7
7 74
74 40
40 74
74 8
8 74
74 8
8 74
74 8
8 82
82 40
40 82
82 40
40 74
74 8
8 82
82 8
8 74
74 8
8 74
74 40
40 74
74 7
7 74
74 39
39 82
82 40
40 82
82 7
7 74
74 40
40 74
74 40
40 74
74 40
40 74
74 40
40 74
74 40
40 74
74 8
8 74
74 8
8 74
74 8
8 74
74 8
8 82
82 40
40 74
74 7
7 82
82 7
7 82
82 8
8 82
82 8
8 82
82 8
8 74
74 40
40 74
74 8
8 74
74 7
7 73
73 230
230 73
73 230
230 73
73 198
198 73
73 230
230 73
73 230
230 74
74 6
6 73
73 197
197 81
81 229
229 81
81 197
197 89
89 197
197 81
81 197
197 81
81 229
229 82
82 7
7 74
74 6
6 73
73 230
230 73
73 230
230 74
74 6
6 66
66 6
6 73
73 230
230 81
81 198
198 81
81 165
165 73
73 197
197 73
73 197
197 73
73 197
197 73
73 230
230 65
65 198
198 65
65 198
198 73
73 198
198 73
73 198
198 81
81 197
197 82
82 6
6 65
65 229
229 65
65 229
229 65
65 229
229 65
65 165
165 73
73 165
165 73
73 165
165 73
73 197
197 73
73 133
133 73
73 165
165 65
65 198
198 65
65 230
230 65
65 166
166 65
65 166
166 57
57 133
133 65
65 166
166 65
65 165
165 65
65 133
133 57
57 165
165 57
57 165
165 57
57 165
165 57
57 100
100 57
57 101
101 57
57 101
101 49
49 101
101 49
49 101
101 56
56 226
226 65
65 35
35 74
74 39
39 98
98 135
135 106
106 169
169 98
98 136
136 98
98 136
136 98
98 200
200 90
90 136
136 98
98 168
168 98
98 168
168 98
98 168
168 98
98 200
200 98
98 168
168 98
98 168
168 98
98 136
136 98
98 168
168 98
98 168
168 98
98 168
168 98
98 168
168 98
98 168
168 98
98 137
137 98
98 137
137 98
98 137
137 98
98 136
136 98
98 136
136 98
98 135
135 98
98 135
135 98
98 135
135 90
90 103
103 98
98 103
103 98
98 71
71 90
90 103
103 90
90 103
103 90
90 103
103 90
90 102
102 90
90 102
102 90
90 102
102 90
90 102
102 82
82 102
102 82
82 69
69 90
90 37
37 82
82 37
37 82
82 37
37 82
82 37
37 90
90 37
37 90
90 38
38 82
82 38
38 82
82 37
37 90
90 38
38 82
82 39
39 82
82 39
39 82
82 39
39 82
82 39
39 82
82 38
38 82
82 6
6 82
82 38
38 82
82 39
39 82
82 6
6 90
90 6
6 82
82 6
6 82
82 6
6 74
74 5
5 74
74 6
6 82
82 6
6 82
82 6
6 82
82 6
6 82
82 6
6 82
82 6
6 73
73 230
230 74
74 7
7 66
66 7
7 66
66 7
7 66
66 8
8 66
66 8
8 74
74 8
8 66
66 8
8 74
74 40
40 74
74 41
41 74
74 73
73 74
74 41
41 74
74 41
41 74
74 40
40 74
74 40
40 74
74 40
40 74
74 40
40 74
74 40
40 74
74 40
40 74
74 40
40 82
82 8
8 74
74 40
40 74
74 40
40 66
66 40
40 74
74 40
40 74
74 73
73 74
74 73
73 74
74 72
72 74
74 72
72 74
74 73
73 74
74 41
41 74
74 41
41 82
82 41
41 82
82 41
41 90
90 73
73 82
82 41
41 90
90 41
41 82
82 73
73 82
82 105
105 82
82 105
105 82
82 73
73 90
90 105
105 82
82 72
72 82
82 72
72 74
74 73
73 74
74 40
40 82
82 105
105 82
82 138
138 82
82 137
137 82
82 137
137 90
90 137
137 82
82 138
138 90
90 170
170 82
82 106
106 82
82 138
138 90
90 138
138 90
90 138
138 90
90 138
138 90
90 137
137 98
98 138
138 90
90 137
137 82
82 170
170 82
82 137
137 90
90 170
170 90
90 137
137 90
90 138
138 90
90 138
138 98
98 170
170 90
90 138
138 90
90 170
170 98
98 170
170 98
98 170
170 90
90 170
170 90
90 202
202 90
90 202
202 98
98 203
203 98
98 170
170 98
98 170
170 98
98 203
203 106
106 235
235 106
106 170
170 98
98 202
202 98
98 235
235 99
99 44
44 99
99 12
12 99
99 12
12 99
99 44
44 99
99 44
44 99
99 12
12 99
99 44
44 99
99 12
12 98
98 236
236 99
99 12
12 99
99 12
12 99
99 44
44 107
107 44
44 107
107 77
77 99
99 44
44 99
99 44
44 99
99 45
45 107
107 77
77 107
107 44
44 107
107 77
77 107
107 77
77 107
107 45
45 107
107 44
44 107
107 45
45 107
107 77
77 107
107 77
77 115
115 110
110 107
107 110
110 107
107 77
77 107
107 77
77 107
107 77
77 107
107 45
45 107
107 45
45 115
115 109
109 107
107 77
77 107
107 109
109 107
107 77
77 107
107 77
77 107
107 77
77 107
107 77
77 107
107 77
77 107
107 109
109 107
107 77
77 107
107 110
110 107
107 110
110 107
107 109
109 107
107 109
109 107
107 109
109 107
107 110
110 107
107 110
110 107
107 109
109 107
107 109
109 107
107 142
142 107
107 109
109 107
107 109
109 107
107 109
109 107
107 78
78 115
115 77
77 115
115 46
46 115
END_IMAGE:
NEW_IMAGE:
201 7
7 209
209 8
8 217
217 8
8 209
209 9
9 217
217 40
40 209
209 39
39 217
217 40
40 217
217 40
40 209
209 73
73 209
209 73
73 209
209 72
72 217
217 72
72 217
217 72
72 217
217 104
104 209
209 72
72 209
209 104
104 209
209 103
103 193
193 135
135 177
177 135
135 161
161 167
167 137
137 166
166 105
105 229
229 74
74 5
5 58
58 37
37 34
34 101
101 34
34 69
69 26
26 69
69 34
34 69
69 34
34 36
36 18
18 69
69 10
10 101
101 10
10 100
100 10
10 100
100 10
10 100
100 18
18 100
100 10
10 101
101 10
10 101
101 10
10 133
133 2
2 133
133 2
2 132
132 2
2 132
132 10
10 133
133 2
2 133
133 2
2 133
133 2
2 133
133 2
2 164
164 2
2 164
164 2
2 164
164 2
2 164
164 2
2 164
164 2
2 164
164 10
10 165
165 10
10 132
132 10
10 133
133 10
10 133
133 10
10 133
133 10
10 165
165 10
10 197
197 2
2 165
165 10
10 101
101 10
10 134
134 10
10 133
133 2
2 165
165 2
2 165
165 2
2 197
197 2
2 197
197 2
2 197
197 10
10 197
197 10
10 165
165 10
10 165
165 10
10 165
165 2
2 197
197 2
2 197
197 10
10 165
165 10
10 165
165 10
10 198
198 2
2 197
197 2
2 229
229 2
2 197
197 2
2 197
197 2
2 197
197 2
2 197
197 10
10 197
197 2
2 229
229 3
3 5
5 10
10 229
229 10
10 197
197 2
2 230
230 2
2 198
198 2
2 166
166 10
10 166
166 18
18 198
198 10
10 198
198 2
2 230
230 2
2 229
229 3
3 6
6 3
3 6
6 2
2 230
230 3
3 6
6 2
2 230
230 2
2 230
230 3
3 6
6 3
3 38
38 3
3 70
70 3
3 70
70 3
3 6
6 2
2 229
229 3
3 6
6 11
11 6
6 3
3 6
6 3
3 6
6 3
3 6
6 3
3 37
37 3
3 38
38 3
3 5
5 3
3 6
6 3
3 6
6 11
11 6
6 10
10 230
230 10
10 230
230 3
3 6
6 3
3 5
5 3
3 38
38 3
3 105
105 19
19 105
105 58
58 104
104 41
41 101
101 17
17 66
66 9
9 195
195 2
2 133
133 2
2 230
230 2
2 231
231 2
2 230
230 3
3 6
6 3
3 6
6 2
2 230
230 2
2 230
230 3
3 6
6 3
3 6
6 3
3 38
38 3
3 38
38 3
3 38
38 3
3 70
70 3
3 70
70 3
3 102
102 3
3 38
38 3
3 38
38 3
3 6
6 3
3 6
6 3
3 6
6 3
3 7
7 3
3 6
6 3
3 6
6 3
3 38
38 3
3 6
6 3
3 38
38 3
3 38
38 3
3 6
6 3
3 6
6 3
3 6
6 3
3 38
38 3
3 38
38 3
3 38
38 3
3 6
6 3
3 38
38 3
3 37
37 3
3 37
37 3
3 38
38 3
3 6
6 3
3 6
6 3
3 38
38 3
3 38
38 3
3 6
6 3
3 39
39 2
2 230
230 3
3 6
6 3
3 6
6 3
3 6
6 3
3 6
6 3
3 38
38 3
3 39
39 3
3 39
39 3
3 6
6 3
3 6
6 3
3 38
38 3
3 70
70 3
3 70
70 3
3 70
70 3
3 70
70 3
3 71
71 3
3 71
71 3
3 71
71 3
3 71
71 3
3 71
71 3
3 38
38 3
3 38
38 3
3 38
38 11
11 6
6 11
11 6
6 3
3 38
38 3
3 102
102 3
3 38
38 3
3 38
38 3
3 70
70 3
3 70
70 3
3 102
102 3
3 70
70 3
3 38
38 3
3 70
70 3
3 71
71 3
3 71
71 3
3 7
7 11
11 38
38 3
3 38
38 3
3 70
70 3
3 38
38 3
3 70
70 3
3 134
134 3
3 135
135 3
3 135
135 3
3 103
103 3
3 104
104 3
3 104
104 3
3 136
136 3
3 72
72 3
3 72
72 3
3 40
40 3
3 72
72 3
3 71
71 3
3 71
71 3
3 71
71 3
3 71
71 3
3 103
103 3
3 102
102 3
3 102
102 3
3 102
102 3
3 71
71 3
3 71
71 3
3 39
39 3
3 8
8 3
3 40
40 3
3 71
71 3
3 71
71 3
3 39
39 3
3 39
39 3
3 71
71 3
3 103
103 3
3 71
71 3
3 71
71 3
3 71
71 3
3 72
72 3
3 72
72 3
3 71
71 3
3 104
104 3
3 104
104 3
3 104
104 3
3 103
103 3
3 71
71 3
3 39
39 3
3 71
71 3
3 71
71 3
3 103
103 3
3 71
71 3
3 71
71 3
3 71
71 3
3 72
72 3
3 40
40 3
3 72
72 3
3 71
71 3
3 71
71 3
3 71
71 3
3 104
104 3
3 72
72 3
3 72
72 3
3 72
72 3
3 72
72 11
11 39
39 3
3 39
39 11
11 71
71 11
11 71
71 11
11 71
71 18
18 230
230 51
51 9
9 82
82 138
138 106
106 42
42 106
106 42
42 106
106 74
74 114
114 43
43 122
122 43
43 130
130 44
44 122
122 11
11 114
114 42
42 106
106 42
42 114
114 74
74 114
114 74
74 122
122 107
107 114
114 106
106 114
114 106
106 114
114 107
107 122
122 75
75 122
122 75
75 122
122 107
107 114
114 106
106 114
114 106
106 114
114 106
106 106
106 105
105 114
114 106
106 114
114 106
106 114
114 106
106 106
106 106
106 106
106 138
138 106
106 107
107 114
114 106
106 114
114 139
139 114
114 138
138 106
106 138
138 106
106 106
106 106
106 138
138 106
106 138
138 114
114 139
139 114
END_IMAGE:
NEW_IMAGE:
2 69
69 2
2 70
70 2
2 70
70 2
2 70
70 2
2 101
101 2
2 69
69 2
2 101
101 2
2 101
101 2
2 101
101 2
2 101
101 2
2 101
101 2
2 101
101 2
2 102
102 2
2 102
102 2
2 102
102 2
2 102
102 2
2 102
102 2
2 102
102 2
2 102
102 2
2 102
102 2
2 102
102 2
2 102
102 2
2 102
102 2
2 134
134 2
2 166
166 2
2 134
134 2
2 134
134 2
2 135
135 2
2 134
134 2
2 135
135 2
2 134
134 2
2 134
134 2
2 166
166 2
2 166
166 2
2 166
166 2
2 166
166 2
2 166
166 2
2 134
134 2
2 134
134 2
2 134
134 2
2 135
135 2
2 134
134 2
2 166
166 2
2 166
166 2
2 166
166 2
2 166
166 2
2 166
166 2
2 199
199 2
2 134
134 2
2 167
167 2
2 166
166 2
2 166
166 2
2 166
166 2
2 166
166 2
2 167
167 2
2 167
167 2
2 167
167 2
2 200
200 2
2 135
135 2
2 167
167 2
2 199
199 2
2 231
231 2
2 199
199 2
2 199
199 2
2 199
199 2
2 199
199 2
2 231
231 2
2 231
231 2
2 198
198 2
2 231
231 2
2 231
231 2
2 231
231 2
2 231
231 2
2 231
231 2
2 231
231 2
2 231
231 2
2 231
231 2
2 231
231 3
3 7
7 2
2 231
231 2
2 231
231 3
3 7
7 3
3 7
7 2
2 232
232 3
3 7
7 2
2 231
231 3
3 8
8 2
2 232
232 2
2 232
232 2
2 232
232 3
3 8
8 3
3 8
8 3
3 8
8 3
3 8
8 3
3 8
8 3
3 9
9 3
3 9
9 3
3 9
9 3
3 8
8 3
3 8
8 3
3 8
8 3
3 8
8 3
3 8
8 3
3 8
8 3
3 8
8 3
3 8
8 3
3 40
40 3
3 40
40 3
3 40
40 3
3 40
40 3
3 8
8 3
3 8
8 3
3 8
8 3
3 9
9 3
3 8
8 3
3 40
40 3
3 41
41 3
3 8
8 3
3 8
8 3
3 40
40 3
3 40
40 3
3 40
40 3
3 40
40 3
3 40
40 3
3 40
40 3
3 40
40 3
3 72
72 3
3 41
41 3
3 72
72 3
3 73
73 3
3 73
73 3
3 40
40 3
3 73
73 3
3 73
73 3
3 41
41 3
3 41
41 18
18 201
201 50
50 72
72 58
58 8
8 65
65 231
231 73
73 199
199 81
81 167
167 89
89 135
135 81
81 102
102 81
81 167
167 81
81 167
167 89
89 167
167 89
89 135
135 81
81 167
167 89
89 134
134 89
89 135
135 97
97 103
103 97
97 135
135 97
97 135
135 97
97 103
103 97
97 103
103 97
97 103
103 97
97 103
103 97
97 103
103 97
97 103
103 97
97 103
103 105
105 135
135 97
97 103
103 105
105 103
103 105
105 103
103 105
105 103
103 105
105 102
102 105
105 134
134 105
105 103
103 105
105 135
135 105
105 135
135 105
105 135
135 105
105 103
103 105
105 135
135 105
105 135
135 105
105 135
135 113
113 167
167 105
105 102
102 113
113 102
102 105
105 102
102 105
105 102
102 105
105 103
103 113
113 103
103 105
105 70
70 113
113 103
103 113
113 71
71 121
121 71
71 121
121 72
72 113
113 71
71 121
121 72
72 121
121 72
72 121
121 72
72 121
121 72
72 121
121 72
72 121
121 71
71 121
121 71
71 121
121 103
103 121
121 103
103 121
121 103
103 121
121 103
103 121
121 103
103 129
129 103
103 121
121 71
71 129
129 104
104 129
129 72
72 129
129 72
72 129
129 103
103 129
129 103
103 137
137 103
103 129
129 135
135 129
129 103
103 137
137 103
103 137
137 103
103 137
137 136
136 137
137 136
136 129
129 103
103 129
129 168
168 129
129 168
168 137
137 168
168 137
137 137
137 137
137 137
137 137
137 105
105 145
145 137
137 145
145 105
105 145
145 105
105 145
145 137
137 145
145 169
169 145
145 137
137 145
145 169
169 145
145 136
136 153
153 137
137 145
145 137
137 145
145 169
169 145
145 169
169 145
145 137
137 145
145 137
137 145
145 137
137 145
145 137
137 145
145 169
169 137
137 136
136 145
145 201
201 145
145 201
201 153
153 201
201 145
145 201
201 153
153 233
233 153
153 233
233 153
153 202
202 153
153 202
202 153
153 202
202 153
153 202
202 153
153 170
170 153
153 170
170 153
153 202
202 153
153 202
202 161
161 170
170 161
161 170
170 161
161 170
170 169
169 170
170 161
161 170
170 169
169 170
170 169
169 170
170 169
169 170
170 169
169 170
170 169
169 202
202 169
169 234
234 161
161 201
201 162
162 9
9 170
170 74
74 170
170 43
43 170
170 11
11 169
169 235
235 169
169 236
236 170
170 12
12 178
178 12
12 170
170 12
12 170
170 11
11 162
162 75
75 162
162 75
75 162
162 76
76 170
170 76
76 170
170 76
76 170
170 109
109 170
170 44
44 170
170 76
76 178
178 76
76 178
178 45
45 178
178 45
45 178
178 45
45 178
178 77
77 178
178 44
44 178
178 76
76 178
178 76
76 178
178 76
76 178
178 76
76 178
178 44
44 178
178 76
76 178
178 44
44 178
178 76
76 178
178 76
76 170
170 75
75 178
178 172
172 178
178 172
172 178
178 172
172 178
178 205
205 178
178 237
237 178
178 205
205 178
178 205
205 178
178 141
141 178
178 109
109 186
186 110
110 186
186 78
78 194
194 78
78 194
194 78
78 186
186 110
110 186
186 142
142 186
186 142
142 194
194 142
142 194
194 110
110 194
194 142
142 194
194 142
142 186
END_IMAGE:
NEW_IMAGE:
156 51
51 164
164 83
83 164
164 83
83 164
164 83
83 164
164 116
116 164
164 115
115 164
164 115
115 164
164 115
115 172
172 115
115 172
172 116
116 172
172 116
116 172
172 116
116 172
172 148
148 172
172 148
148 172
172 148
148 172
172 148
148 172
172 116
116 172
172 148
148 172
172 148
148 172
172 116
116 172
172 148
148 172
172 148
148 172
172 148
148 180
180 181
181 180
180 149
149 180
180 149
149 180
180 149
149 180
180 149
149 180
180 181
181 180
180 181
181 172
172 180
180 180
180 180
180 180
180 180
180 180
180 180
180 180
180 180
180 180
180 180
180 180
180 180
180 180
180 148
148 180
180 180
180 180
180 148
148 180
180 181
181 180
180 181
181 180
180 181
181 180
180 213
213 180
180 181
181 188
188 181
181 188
188 181
181 188
188 181
181 188
188 181
181 188
188 214
214 180
180 213
213 188
188 214
214 188
188 214
214 188
188 214
214 188
188 214
214 180
180 213
213 188
188 213
213 188
188 246
246 188
188 213
213 188
188 214
214 188
188 214
214 188
188 246
246 188
188 214
214 188
188 245
245 189
189 21
21 189
189 21
21 189
189 22
22 189
189 22
22 188
188 246
246 196
196 246
246 189
189 22
22 189
189 22
22 189
189 22
22 188
188 246
246 188
188 246
246 188
188 246
246 196
196 246
246 188
188 246
246 196
196 246
246 188
188 246
246 188
188 246
246 189
189 22
22 189
189 22
22 188
188 246
246 189
189 22
22 189
189 22
22 189
189 22
22 189
189 22
22 189
189 22
22 189
189 22
22 189
189 22
22 196
196 246
246 188
188 246
246 189
189 22
22 188
188 246
246 196
196 247
247 197
197 23
23 196
196 247
247 196
196 214
214 196
196 247
247 196
196 246
246 197
197 22
22 189
189 22
22 189
189 22
22 189
189 22
22 197
197 22
22 197
197 23
23 197
197 23
23 197
197 22
22 197
197 22
22 197
197 22
22 197
197 55
55 197
197 23
23 197
197 23
23 197
197 23
23 197
197 23
23 197
197 23
23 197
197 23
23 197
197 23
23 197
197 23
23 197
197 23
23 197
197 23
23 197
197 23
23 197
197 23
23 197
197 23
23 197
197 23
23 197
197 23
23 197
197 23
23 196
196 247
247 196
196 247
247 196
196 247
247 196
196 247
247 196
196 246
246 196
196 246
246 196
196 246
246 188
188 246
246 188
188 246
246 188
188 247
247 188
188 182
182 188
188 182
182 188
188 182
182 188
188 182
182 188
188 150
150 180
180 117
117 180
180 117
117 172
172 117
117 172
172 116
116 172
172 84
84 172
172 84
84 172
172 52
52 164
164 51
51 164
164 19
19 172
172 19
19 155
155 242
242 155
155 242
242 155
155 178
178 155
155 147
147 155
155 147
147 155
155 178
178 147
147 178
178 139
139 113
113 139
139 113
113 131
131 80
80 123
123 80
80 115
115 48
48 106
106 239
239 107
107 14
14 107
107 15
15 106
106 206
206 98
98 141
141 106
106 173
173 98
98 142
142 98
98 109
109 98
98 45
45 98
98 45
45 98
98 12
12 98
98 13
13 89
89 236
236 89
89 204
204 89
89 235
235 89
89 235
235 81
81 236
236 82
82 11
11 73
73 234
234 74
74 10
10 73
73 202
202 73
73 202
202 73
73 202
202 81
81 170
170 81
81 170
170 73
73 170
170 73
73 169
169 65
65 169
169 73
73 169
169 73
73 169
169 73
73 136
136 73
73 136
136 81
81 104
104 73
73 72
72 73
73 104
104 65
65 136
136 65
65 104
104 65
65 103
103 65
65 103
103 65
65 103
103 65
65 103
103 65
65 103
103 65
65 71
71 57
57 71
71 57
57 71
71 49
49 102
102 57
57 71
71 49
49 70
70 49
49 70
70 49
49 102
102 49
49 70
70 49
49 102
102 49
49 37
37 57
57 70
70 57
57 102
102 49
49 70
70 49
49 70
70 49
49 70
70 49
49 37
37 49
49 69
69 49
49 69
69 41
41 69
69 49
49 70
70 49
49 37
37 57
57 70
70 49
49 37
37 49
49 37
37 57
57 70
70 57
57 70
70 49
49 38
38 49
49 70
70 49
49 38
38 49
49 70
70 49
49 70
70 49
49 38
38 49
49 69
69 49
49 38
38 57
57 6
6 48
48 196
196 40
40 196
196 48
48 196
196 48
48 196
196 48
48 228
228 48
48 228
228 48
48 228
228 40
40 228
228 40
40 196
196 40
40 196
196 40
40 196
196 40
40 196
196 40
40 228
228 40
40 228
228 40
40 196
196 48
48 228
228 48
48 196
196 40
40 196
196 40
40 196
196 48
48 196
196 48
48 196
196 48
48 196
196 40
40 196
196 40
40 196
196 40
40 196
196 40
40 228
228 40
40 196
196 40
40 196
196 40
40 196
196 40
40 196
196 40
40 196
196 48
48 196
196 40
40 164
164 48
48 196
196 40
40 196
196 40
40 196
196 40
40 196
196 40
40 164
164 40
40 196
196 40
40 196
196 40
40 196
196 40
40 196
196 40
40 164
164 40
40 196
196 40
40 196
196 40
40 164
164 40
40 164
164 40
40 196
196 40
40 196
196 32
32 195
195 32
32 196
196 32
32 196
196 40
40 164
164 40
40 196
196 32
32 131
131 32
32 195
195 32
32 227
227 24
24 195
195 24
24 195
195 32
32 195
195 32
32 195
195 32
32 163
163 32
32 164
164 32
32 163
163 32
32 164
164 32
32 163
163 32
32 164
164 32
32 164
164 32
32 164
164 32
32 164
164 32
32 196
196 32
32 196
196 32
32 196
196 32
32 196
196 32
32 196
196 32
32 164
164 32
32 164
164 40
END_IMAGE:
NEW_IMAGE:
33 4
4 33
33 36
36 33
33 36
36 33
33 35
35 33
33 36
36 33
33 36
36 33
33 36
36 33
33 68
68 33
33 68
68 33
33 68
68 33
33 36
36 33
33 36
36 33
33 36
36 33
33 68
68 33
33 36
36 33
33 68
68 41
41 68
68 41
41 36
36 41
41 68
68 41
41 68
68 41
41 36
36 41
41 69
69 41
41 68
68 41
41 68
68 41
41 68
68 41
41 68
68 41
41 68
68 41
41 68
68 41
41 69
69 41
41 69
69 41
41 69
69 41
41 69
69 41
41 101
101 41
41 101
101 41
41 101
101 41
41 101
101 41
41 69
69 41
41 101
101 41
41 100
100 41
41 101
101 41
41 101
101 41
41 101
101 41
41 133
133 41
41 101
101 49
49 133
133 41
41 101
101 49
49 101
101 49
49 133
133 49
49 134
134 49
49 133
133 49
49 133
133 49
49 165
165 49
49 165
165 49
49 165
165 49
49 134
134 49
49 134
134 49
49 166
166 49
49 166
166 49
49 166
166 49
49 166
166 57
57 198
198 49
49 199
199 41
41 198
198 49
49 101
101 49
49 36
36 49
49 34
34 41
41 35
35 49
49 35
35 49
49 35
35 41
41 36
36 41
41 68
68 41
41 100
100 49
49 132
132 57
57 198
198 57
57 199
199 57
57 134
134 65
65 230
230 57
57 229
229 66
66 39
39 74
74 41
41 82
82 73
73 82
82 105
105 82
82 138
138 82
82 138
138 82
82 170
170 82
82 170
170 90
90 170
170 90
90 171
171 90
90 203
203 82
82 170
170 82
82 170
170 82
82 202
202 82
82 170
170 90
90 203
203 82
82 170
170 90
90 203
203 90
90 202
202 90
90 203
203 90
90 202
202 90
90 202
202 90
90 203
203 90
90 203
203 90
90 203
203 90
90 202
202 90
90 203
203 90
90 203
203 90
90 203
203 90
90 203
203 90
90 203
203 90
90 203
203 90
90 235
235 90
90 202
202 90
90 203
203 90
90 235
235 90
90 203
203 90
90 203
203 90
90 235
235 90
90 235
235 90
90 235
235 90
90 203
203 90
90 235
235 90
90 203
203 90
90 235
235 90
90 235
235 90
90 235
235 90
90 235
235 90
90 235
235 90
90 235
235 98
98 235
235 98
98 235
235 98
98 235
235 90
90 235
235 90
90 235
235 90
90 235
235 90
90 235
235 90
90 235
235 98
98 235
235 90
90 235
235 99
99 12
12 99
99 12
12 90
90 235
235 99
99 12
12 99
99 12
12 99
99 12
12 99
99 44
44 99
99 12
12 99
99 12
12 99
99 12
12 99
99 12
12 99
99 12
12 99
99 12
12 99
99 12
12 99
99 12
12 99
99 12
12 99
99 12
12 99
99 12
12 99
99 12
12 99
99 12
12 99
99 12
12 99
99 12
12 99
99 44
44 99
99 12
12 99
99 12
12 99
99 44
44 107
107 44
44 99
99 44
44 99
99 44
44 99
99 44
44 107
107 44
44 99
99 44
44 99
99 44
44 99
99 44
44 107
107 76
76 107
107 76
76 107
107 44
44 107
107 44
44 107
107 44
44 107
107 12
12 107
107 44
44 107
107 44
44 107
107 44
44 99
99 44
44 107
107 44
44 107
107 44
44 107
107 77
77 107
107 77
77 107
107 44
44 107
107 45
45 107
107 45
45 107
107 77
77 107
107 77
77 107
107 44
44 107
107 77
77 107
107 77
77 107
107 77
77 107
107 77
77 107
107 77
77 99
99 44
44 107
107 77
77 107
107 77
77 99
99 77
77 107
107 77
77 107
107 77
77 107
107 77
77 107
107 77
77 107
107 77
77 107
107 77
77 107
107 77
77 107
107 77
77 107
107 44
44 107
107 77
77 107
107 77
77 115
115 77
77 107
107 109
109 115
115 109
109 107
107 77
77 107
107 109
109 115
115 109
109 107
107 77
77 107
107 109
109 107
107 109
109 107
107 77
77 107
107 109
109 107
107 77
77 107
107 77
77 115
115 109
109 107
107 109
109 115
115 109
109 115
115 109
109 115
115 109
109 115
115 109
109 115
115 109
109 115
115 109
109 115
115 109
109 115
115 109
109 115
115 109
109 115
115 77
77 115
115 109
109 115
115 109
109 115
115 109
109 115
115 109
109 115
115 109
109 115
115 77
77 123
123 109
109 123
123 77
77 115
115 77
77 123
123 77
77 115
115 77
77 123
123 110
110 115
115 109
109 115
115 109
109 115
115 142
142 115
115 109
109 115
115 141
141 115
115 141
141 115
115 109
109 115
115 142
142 115
115 142
142 115
115 141
141 115
115 142
142 115
115 141
141 115
115 141
141 115
115 109
109 115
115 110
110 115
115 110
110 115
115 142
142 115
115 142
142 115
115 109
109 115
115 142
142 115
115 142
142 115
115 110
110 123
123 110
110 123
123 142
142 115
115 110
110 123
123 142
142 115
115 142
142 123
123 174
174 115
115 142
142 115
115 142
142 115
115 142
142 123
123 174
174 123
123 142
142 123
123 142
142 123
123 142
142 123
123 142
142 123
123 142
142 123
123 142
142 123
123 142
142 123
123 142
142 123
123 142
142 123
123 142
142 123
123 142
142 123
123 142
142 123
123 142
142 123
123 142
142 123
123 142
142 123
123 142
142 115
115 142
142 115
115 142
142 123
123 142
142 123
123 142
142 123
123 142
142 115
115 174
174 115
115 142
142 123
123 142
142 115
115 142
142 115
115 142
142 115
115 142
142 115
115 142
142 115
115 142
142 115
115 142
142 115
115 174
174 115
115 142
142 115
115 174
174 115
115 174
174 115
115 174
174 115
115 142
142 115
115 142
142 115
115 142
142 115
115 142
142 115
END_IMAGE:
NEW_IMAGE:
25 69
69 25
25 69
69 25
25 37
37 25
25 37
37 25
25 69
69 25
25 69
69 25
25 37
37 25
25 69
69 25
25 69
69 25
25 69
69 25
25 68
68 25
25 69
69 33
33 69
69 33
33 37
37 25
25 69
69 33
33 37
37 33
33 36
36 33
33 36
36 33
33 36
36 33
33 4
4 25
25 4
4 25
25 4
4 25
25 4
4 33
33 4
4 25
25 4
4 32
32 227
227 32
32 228
228 32
32 227
227 41
41 36
36 41
41 101
101 49
49 166
166 57
57 231
231 57
57 199
199 57
57 232
232 57
57 231
231 57
57 231
231 66
66 8
8 58
58 8
8 66
66 8
8 57
57 232
232 57
57 232
232 57
57 232
232 58
58 8
8 57
57 232
232 66
66 8
8 65
65 232
232 66
66 8
8 58
58 8
8 66
66 8
8 58
58 8
8 66
66 8
8 58
58 40
40 58
58 8
8 65
65 235
235 49
49 167
167 32
32 224
224 41
41 67
67 57
57 199
199 57
57 231
231 57
57 198
198 65
65 199
199 66
66 41
41 57
57 231
231 32
32 225
225 41
41 35
35 66
66 40
40 66
66 73
73 66
66 40
40 66
66 40
40 66
66 40
40 66
66 40
40 66
66 40
40 66
66 40
40 74
74 72
72 66
66 40
40 66
66 41
41 74
74 41
41 66
66 40
40 74
74 40
40 74
74 73
73 74
74 40
40 74
74 72
72 74
74 41
41 74
74 41
41 74
74 73
73 66
66 40
40 66
66 40
40 66
66 40
40 74
74 72
72 74
74 72
72 74
74 73
73 74
74 73
73 74
74 73
73 74
74 41
41 74
74 73
73 74
74 73
73 74
74 73
73 74
74 40
40 74
74 73
73 74
74 73
73 74
74 73
73 74
74 73
73 74
74 73
73 74
74 40
40 74
74 73
73 74
74 73
73 74
74 72
72 74
74 41
41 74
74 73
73 74
74 73
73 74
74 73
73 74
74 72
72 74
74 72
72 74
74 73
73 74
74 73
73 74
74 73
73 74
74 73
73 74
74 73
73 74
74 73
73 74
74 40
40 74
74 72
72 74
74 73
73 74
74 73
73 74
74 73
73 74
74 73
73 74
74 73
73 74
74 73
73 74
74 73
73 82
82 41
41 74
74 73
73 74
74 73
73 74
74 73
73 74
74 73
73 74
74 73
73 74
74 73
73 74
74 73
73 74
74 73
73 74
74 73
73 74
74 73
73 74
74 73
73 74
74 73
73 74
74 73
73 74
74 41
41 74
74 41
41 74
74 41
41 74
74 41
41 74
74 41
41 74
74 73
73 74
74 73
73 74
74 73
73 74
74 73
73 74
74 73
73 74
74 73
73 74
74 40
40 82
82 73
73 74
74 72
72 74
74 40
40 74
74 72
72 82
82 73
73 74
74 73
73 74
74 106
106 74
74 41
41 66
66 8
8 66
66 73
73 66
66 41
41 66
66 41
41 66
66 8
8 57
57 232
232 49
49 199
199 57
57 200
200 49
49 167
167 41
41 167
167 49
49 200
200 49
49 167
167 49
49 167
167 41
41 167
167 41
41 167
167 41
41 135
135 49
49 135
135 41
41 167
167 41
41 167
167 49
49 167
167 49
49 168
168 49
49 135
135 49
49 167
167 49
49 200
200 41
41 167
167 49
49 200
200 41
41 167
167 41
41 167
167 49
49 167
167 41
41 167
167 41
41 167
167 49
49 135
135 49
49 135
135 49
49 135
135 49
49 135
135 49
49 135
135 49
49 167
167 49
49 168
168 41
41 167
167 41
41 167
167 41
41 135
135 49
49 167
167 41
41 167
167 41
41 167
167 41
41 167
167 49
49 167
167 49
49 135
135 49
49 167
167 41
41 167
167 41
41 135
135 49
49 167
167 41
41 135
135 41
41 135
135 41
41 167
167 41
41 167
167 41
41 167
167 41
41 135
135 41
41 167
167 41
41 167
167 41
41 167
167 41
41 135
135 41
41 135
135 41
41 135
135 41
41 135
135 41
41 135
135 41
41 135
135 49
49 135
135 41
41 135
135 41
41 135
135 41
41 135
135 41
41 135
135 41
41 135
135 41
41 135
135 41
41 135
135 41
41 167
167 41
41 168
168 41
41 135
135 41
41 135
135 41
41 135
135 41
41 135
135 41
41 135
135 41
41 135
135 41
41 135
135 41
41 135
135 41
41 135
135 41
41 135
135 41
41 134
134 41
41 134
134 41
41 134
134 41
41 134
134 41
41 134
134 41
41 102
102 41
41 103
103 41
41 103
103 41
41 135
135 41
41 135
135 41
41 135
135 41
41 135
135 49
49 134
134 41
41 134
134 41
41 135
135 49
49 135
135 49
49 103
103 49
49 134
134 49
49 134
134 57
57 232
232 58
58 8
8 57
57 231
231 65
65 231
231 65
65 199
199 65
65 232
232 57
57 232
232 57
57 232
232 57
57 232
232 66
66 8
8 65
65 232
232 65
65 232
232 65
65 232
232 65
65 232
232 66
66 8
8 65
65 232
232 66
66 8
8 66
66 8
8 66
66 8
8 66
66 8
8 65
65 232
232 66
66 8
8 65
65 232
232 65
65 232
232 65
65 232
232 66
66 8
8 65
65 232
232 65
65 232
232 66
66 8
8 66
66 8
8 65
65 232
232 66
66 8
8 66
66 8
8 66
66 8
8 66
66 8
8 66
66 8
8 66
66 8
8 66
66 8
8 65
65 231
231 66
66 7
7 66
66 8
8 65
65 232
232 66
66 8
8 65
65 232
232 65
65 232
232 66
66 8
8 65
65 232
232 66
66 8
8 73
73 232
232 73
73 232
232 73
73 232
232 66
66 8
8 66
66 8
8 66
END_IMAGE:
NEW_IMAGE:
33 3
3 41
41 102
102 49
49 134
134 49
49 200
200 49
49 200
200 49
49 168
168 49
49 200
200 49
49 232
232 49
49 200
200 49
49 232
232 49
49 199
199 49
49 232
232 57
57 200
200 57
57 200
200 57
57 200
200 57
57 201
201 57
57 201
201 57
57 201
201 65
65 233
233 57
57 200
200 57
57 200
200 57
57 233
233 57
57 232
232 57
57 232
232 57
57 232
232 57
57 232
232 57
57 232
232 57
57 232
232 58
58 8
8 58
58 8
8 57
57 232
232 57
57 232
232 57
57 232
232 58
58 8
8 58
58 8
8 50
50 42
42 49
49 233
233 49
49 135
135 33
33 6
6 24
24 228
228 24
24 228
228 24
24 228
228 24
24 196
196 24
24 196
196 24
24 196
196 24
24 196
196 24
24 196
196 24
24 196
196 24
24 195
195 32
32 228
228 32
32 228
228 32
32 228
228 24
24 228
228 32
32 229
229 33
33 4
4 33
33 4
4 33
33 36
36 33
33 4
4 41
41 37
37 41
41 102
102 49
49 135
135 41
41 102
102 41
41 102
102 41
41 134
134 41
41 134
134 41
41 135
135 41
41 135
135 49
49 135
135 49
49 135
135 41
41 135
135 49
49 167
167 49
49 134
134 49
49 167
167 49
49 167
167 49
49 167
167 49
49 167
167 49
49 167
167 49
49 167
167 49
49 168
168 49
49 168
168 49
49 167
167 57
57 200
200 49
49 200
200 49
49 200
200 57
57 200
200 49
49 201
201 49
49 200
200 57
57 200
200 57
57 200
200 57
57 200
200 57
57 201
201 57
57 201
201 57
57 201
201 57
57 201
201 57
57 201
201 57
57 200
200 57
57 232
232 57
57 200
200 57
57 232
232 57
57 201
201 57
57 201
201 57
57 201
201 57
57 233
233 57
57 201
201 57
57 200
200 57
57 232
232 57
57 232
232 57
57 232
232 66
66 8
8 57
57 232
232 58
58 8
8 57
57 232
232 57
57 232
232 57
57 232
232 58
58 8
8 58
58 9
9 66
66 9
9 65
65 233
233 66
66 9
9 66
66 9
9 65
65 233
233 66
66 10
10 65
65 233
233 66
66 10
10 66
66 9
9 66
66 41
41 66
66 9
9 66
66 10
10 73
73 233
233 66
66 9
9 66
66 9
9 57
57 199
199 57
57 199
199 57
57 231
231 57
57 232
232 57
57 232
232 57
57 199
199 57
57 232
232 57
57 232
232 57
57 232
232 57
57 199
199 58
58 8
8 57
57 232
232 57
57 232
232 57
57 232
232 57
57 232
232 57
57 231
231 57
57 232
232 57
57 231
231 57
57 231
231 57
57 231
231 57
57 233
233 41
41 136
136 41
41 6
6 32
32 197
197 32
32 228
228 24
24 228
228 33
33 4
4 33
33 4
4 32
32 228
228 33
33 4
4 32
32 228
228 33
33 4
4 33
33 4
4 41
41 5
5 41
41 5
5 41
41 5
5 41
41 4
4 41
41 37
37 33
33 3
3 41
41 68
68 49
49 232
232 58
58 8
8 57
57 199
199 49
49 135
135 41
41 37
37 41
41 101
101 49
49 35
35 73
73 37
37 82
82 106
106 90
90 203
203 90
90 204
204 65
65 234
234 49
49 135
135 49
49 167
167 49
49 167
167 57
57 167
167 57
57 168
168 57
57 168
168 49
49 167
167 49
49 135
135 49
49 135
135 49
49 134
134 49
49 102
102 57
57 101
101 57
57 37
37 57
57 37
37 57
57 36
36 65
65 68
68 65
65 68
68 65
65 68
68 73
73 67
67 73
73 100
100 65
65 99
99 73
73 131
131 73
73 164
164 73
73 132
132 73
73 133
133 73
73 133
133 65
65 133
133 57
57 198
198 65
65 231
231 82
82 40
40 74
74 8
8 66
66 8
8 74
74 8
8 74
74 8
8 74
74 41
41 74
74 73
73 74
74 73
73 66
66 73
73 74
74 73
73 74
74 73
73 74
74 73
73 74
74 105
105 74
74 73
73 74
74 73
73 74
74 105
105 74
74 73
73 74
74 73
73 74
74 73
73 74
74 73
73 74
74 73
73 74
74 73
73 74
74 41
41 66
66 73
73 74
74 73
73 65
65 232
232 65
65 232
232 57
57 199
199 65
65 232
232 74
74 41
41 82
82 138
138 90
90 139
139 90
90 171
171 90
90 204
204 98
98 205
205 98
98 206
206 98
98 237
237 99
99 12
12 99
99 44
44 107
107 110
110 115
115 110
110 115
115 111
111 115
115 111
111 115
115 111
111 115
115 111
111 107
107 78
78 115
115 111
111 115
115 79
79 123
123 111
111 131
131 144
144 123
123 111
111 123
123 144
144 115
115 143
143 115
115 143
143 115
115 143
143 115
115 143
143 115
115 143
143 107
107 142
142 107
107 46
46 107
107 13
13 107
107 46
46 107
107 14
14 107
107 13
13 99
99 13
13 99
99 45
45 99
99 13
13 107
107 45
45 99
99 12
12 99
99 12
12 99
99 12
12 99
99 44
44 99
99 12
12 99
99 12
12 98
98 236
236 98
98 236
236 98
98 237
237 99
99 13
13 98
98 237
237 98
98 236
236 98
98 236
236 98
98 236
236 98
98 236
236 98
98 236
236 98
98 236
236 99
99 12
12 98
98 236
236 98
98 236
236 98
98 236
236 98
98 204
204 98
98 236
236 98
98 204
204 98
98 236
236 98
98 236
236 98
98 204
204 98
98 204
204 98
98 204
204 98
98 204
204 98
98 204
204 99
99 12
12 98
98 236
236 98
98 236
236 98
98 236
236 98
98 236
236 99
99 12
12 98
98 236
236 98
98 236
236 106
106 236
236 98
98 236
236 98
END_IMAGE:
NEW_IMAGE:
16 195
195 16
16 195
195 24
24 227
227 24
24 195
195 24
24 195
195 24
24 227
227 24
24 195
195 24
24 228
228 24
24 228
228 24
24 227
227 24
24 227
227 24
24 228
228 24
24 228
228 24
24 228
228 33
33 4
4 25
25 4
4 25
25 4
4 24
24 227
227 33
33 4
4 25
25 4
4 33
33 4
4 25
25 4
4 33
33 4
4 33
33 4
4 33
33 4
4 25
25 4
4 33
33 4
4 24
24 227
227 33
33 4
4 33
33 4
4 33
33 4
4 33
33 36
36 33
33 36
36 33
33 4
4 33
33 36
36 33
33 36
36 33
33 4
4 33
33 36
36 33
33 5
5 33
33 5
5 25
25 4
4 33
33 37
37 33
33 37
37 33
33 37
37 25
25 5
5 33
33 37
37 33
33 5
5 33
33 5
5 33
33 37
37 25
25 37
37 25
25 37
37 25
25 37
37 25
25 37
37 33
33 36
36 33
33 37
37 33
33 37
37 33
33 37
37 33
33 37
37 33
33 37
37 25
25 37
37 33
33 37
37 33
33 38
38 33
33 38
38 33
33 70
70 33
33 69
69 33
33 70
70 33
33 69
69 33
33 70
70 33
33 70
70 33
33 70
70 33
33 70
70 33
33 71
71 33
33 38
38 41
41 71
71 33
33 102
102 41
41 102
102 41
41 102
102 41
41 103
103 41
41 103
103 41
41 104
104 41
41 104
104 41
41 103
103 41
41 104
104 41
41 136
136 41
41 103
103 41
41 135
135 41
41 103
103 41
41 105
105 49
49 104
104 41
41 37
37 33
33 5
5 33
33 37
37 33
33 38
38 33
33 5
5 33
33 5
5 33
33 5
5 33
33 37
37 33
33 37
37 33
33 5
5 33
33 37
37 41
41 37
37 33
33 37
37 33
33 37
37 33
33 69
69 41
41 70
70 41
41 70
70 41
41 70
70 41
41 102
102 41
41 102
102 41
41 135
135 49
49 167
167 49
49 232
232 49
49 135
135 41
41 69
69 41
41 37
37 41
41 36
36 41
41 36
36 49
49 36
36 49
49 36
36 49
49 36
36 49
49 36
36 49
49 35
35 57
57 35
35 57
57 2
2 49
49 2
2 49
49 2
2 48
48 227
227 48
48 194
194 48
48 194
194 40
40 226
226 32
32 226
226 32
32 163
163 24
24 195
195 24
24 195
195 24
24 163
163 24
24 161
161 32
32 129
129 24
24 228
228 17
17 37
37 24
24 195
195 16
16 162
162 16
16 130
130 16
16 162
162 16
16 162
162 16
16 162
162 16
16 163
163 24
24 162
162 16
16 162
162 16
16 162
162 24
24 130
130 24
24 130
130 16
16 162
162 16
16 195
195 16
16 65
65 32
32 65
65 32
32 129
129 32
32 129
129 32
32 129
129 32
32 130
130 32
32 131
131 32
32 131
131 32
32 130
130 24
24 130
130 32
32 131
131 24
24 130
130 24
24 130
130 32
32 130
130 32
32 130
130 24
24 130
130 24
24 131
131 24
24 195
195 24
24 225
225 33
33 35
35 41
41 69
69 41
41 101
101 41
41 101
101 41
41 101
101 41
41 69
69 33
33 36
36 33
33 36
36 33
33 36
36 33
33 4
4 24
24 164
164 16
16 131
131 16
16 131
131 16
16 162
162 16
16 163
163 16
16 228
228 25
25 4
4 33
33 5
5 32
32 165
165 16
16 132
132 24
24 229
229 25
25 69
69 25
25 69
69 33
33 103
103 33
33 69
69 40
40 230
230 40
40 132
132 32
32 66
66 24
24 98
98 16
16 130
130 8
8 227
227 1
1 7
7 9
9 38
38 16
16 230
230 24
24 196
196 32
32 98
98 48
48 66
66 56
56 33
33 64
64 33
33 88
88 34
34 104
104 1
1 104
104 2
2 96
96 65
65 80
80 160
160 64
64 226
226 57
57 36
36 49
49 67
67 57
57 164
164 41
41 69
69 32
32 229
229 24
24 228
228 24
24 195
195 24
24 130
130 32
32 130
130 40
40 129
129 24
24 226
226 41
41 68
68 65
65 102
102 73
73 5
5 72
72 131
131 88
88 34
34 88
88 131
131 104
104 100
100 96
96 132
132 80
80 68
68 64
64 162
162 65
65 68
68 74
74 73
73 90
90 138
138 82
82 73
73 82
82 72
72 82
82 40
40 82
82 40
40 82
82 40
40 82
82 41
41 82
82 41
41 82
82 40
40 82
82 73
73 82
82 73
73 82
82 73
73 82
82 73
73 82
82 73
73 82
82 105
105 82
82 105
105 82
82 105
105 82
82 73
73 90
90 73
73 82
82 73
73 82
82 73
73 82
82 105
105 82
82 73
73 82
82 106
106 82
82 105
105 82
82 105
105 82
82 105
105 82
82 105
105 82
82 105
105 90
90 105
105 90
90 105
105 90
90 105
105 90
90 137
137 82
82 105
105 82
82 138
138 82
82 106
106 82
82 106
106 82
82 137
137 90
90 105
105 90
90 138
138 90
90 138
138 90
90 138
138 90
90 138
138 90
90 138
138 82
82 137
137 82
82 137
137 82
82 137
137 90
90 106
106 90
90 106
106 82
82 106
106 82
82 106
106 73
73 230
230 90
90 169
169 131
131 240
240 107
107 13
13 82
82 41
41 82
82 73
73 82
82 106
106 82
82 105
105 82
82 72
72 82
82 41
41 99
99 12
12 123
123 142
142 123
123 207
207 123
123 206
206 123
123 107
107 57
57 199
199 66
66 73
73 132
132 16
16 140
140 49
49 131
131 207
207 140
140 16
16 131
131 240
240 131
131 240
240 132
132 16
16 132
132 16
16 132
132 16
16 131
131 240
240 132
132 16
16 131
131 240
240 140
END_IMAGE:
NEW_IMAGE:
91 77
77 91
91 77
77 99
99 78
78 91
91 48
48 83
83 111
111 75
75 78
78 75
75 78
78 75
75 78
78 83
83 111
111 83
83 80
80 82
82 238
238 74
74 204
204 58
58 74
74 33
33 200
200 25
25 103
103 16
16 164
164 16
16 164
164 16
16 163
163 32
32 132
132 32
32 163
163 24
24 163
163 24
24 163
163 24
24 163
163 24
24 162
162 24
24 162
162 24
24 163
163 24
24 163
163 24
24 163
163 24
24 162
162 24
24 163
163 24
24 130
130 24
24 163
163 24
24 162
162 16
16 162
162 24
24 195
195 24
24 195
195 32
32 163
163 32
32 163
163 24
24 227
227 40
40 163
163 40
40 163
163 32
32 227
227 32
32 228
228 33
33 4
4 33
33 37
37 32
32 128
128 48
48 226
226 58
58 40
40 115
115 240
240 182
182 59
59 173
173 216
216 157
157 87
87 149
149 54
54 149
149 22
22 157
157 22
22 148
148 246
246 156
156 245
245 157
157 217
217 141
141 250
250 124
124 50
50 98
98 206
206 90
90 172
172 66
66 41
41 74
74 73
73 66
66 8
8 57
57 166
166 41
41 69
69 33
33 4
4 57
57 199
199 83
83 46
46 83
83 112
112 91
91 112
112 91
91 47
47 82
82 204
204 66
66 106
106 66
66 41
41 66
66 8
8 57
57 166
166 57
57 133
133 57
57 133
133 57
57 133
133 57
57 100
100 57
57 133
133 49
49 101
101 49
49 133
133 49
49 132
132 49
49 101
101 49
49 101
101 57
57 100
100 49
49 100
100 57
57 68
68 49
49 100
100 57
57 100
100 49
49 100
100 49
49 68
68 49
49 68
68 49
49 67
67 49
49 68
68 49
49 67
67 41
41 68
68 41
41 99
99 41
41 67
67 41
41 100
100 33
33 35
35 41
41 34
34 41
41 34
34 41
41 2
2 41
41 35
35 41
41 3
3 41
41 3
3 41
41 3
3 41
41 3
3 41
41 35
35 49
49 35
35 57
57 35
35 49
49 101
101 49
49 133
133 49
49 166
166 41
41 69
69 40
40 194
194 32
32 194
194 32
32 193
193 32
32 161
161 32
32 193
193 32
32 161
161 32
32 161
161 32
32 161
161 32
32 161
161 32
32 161
161 32
32 129
129 32
32 129
129 32
32 193
193 24
24 161
161 24
24 161
161 24
24 129
129 24
24 129
129 24
24 129
129 24
24 129
129 24
24 129
129 32
32 129
129 24
24 129
129 24
24 129
129 32
32 129
129 32
32 129
129 24
24 129
129 32
32 129
129 32
32 129
129 32
32 161
161 32
32 161
161 32
32 161
161 32
32 161
161 32
32 161
161 32
32 193
193 32
32 193
193 32
32 226
226 32
32 226
226 40
40 194
194 40
40 194
194 40
40 226
226 40
40 226
226 40
40 225
225 40
40 225
225 40
40 225
225 40
40 226
226 40
40 226
226 40
40 226
226 32
32 226
226 41
41 3
3 40
40 226
226 40
40 225
225 40
40 226
226 40
40 226
226 40
40 226
226 40
40 226
226 40
40 194
194 40
40 226
226 40
40 226
226 40
40 226
226 40
40 226
226 40
40 194
194 40
40 194
194 40
40 226
226 32
32 194
194 32
32 194
194 32
32 194
194 32
32 226
226 40
40 194
194 40
40 193
193 40
40 194
194 32
32 162
162 40
40 194
194 32
32 194
194 32
32 195
195 32
32 162
162 32
32 194
194 32
32 194
194 32
32 194
194 32
32 162
162 32
32 162
162 32
32 162
162 32
32 162
162 32
32 130
130 32
32 194
194 24
24 162
162 32
32 194
194 32
32 162
162 32
32 162
162 32
32 161
161 32
32 162
162 32
32 194
194 32
32 162
162 32
32 194
194 24
24 194
194 32
32 162
162 32
32 194
194 24
24 194
194 32
32 194
194 32
32 194
194 32
32 194
194 32
32 194
194 32
32 194
194 24
24 194
194 24
24 194
194 24
24 194
194 32
32 162
162 24
24 162
162 24
24 194
194 24
24 194
194 24
24 194
194 24
24 194
194 32
32 162
162 32
32 194
194 32
32 162
162 32
32 194
194 32
32 194
194 32
32 194
194 24
24 162
162 24
24 195
195 24
24 195
195 24
24 163
163 32
32 163
163 24
24 163
163 16
16 194
194 16
16 162
162 24
24 162
162 24
24 162
162 24
24 162
162 24
24 161
161 24
24 194
194 33
33 69
69 49
49 166
166 57
57 166
166 49
49 134
134 57
57 232
232 82
82 171
171 90
90 204
204 82
82 204
204 82
82 204
204 82
82 203
203 82
82 171
171 82
82 171
171 99
99 48
48 74
74 107
107 41
41 36
36 32
32 163
163 32
32 195
195 24
24 195
195 32
32 163
163 32
32 194
194 32
32 161
161 32
32 162
162 32
32 162
162 32
32 162
162 32
32 162
162 24
24 161
161 24
24 162
162 24
24 162
162 24
24 162
162 24
24 161
161 24
24 161
161 24
24 161
161 24
24 161
161 24
24 162
162 24
24 194
194 24
24 162
162 32
32 194
194 24
24 195
195 16
16 97
97 32
32 227
227 58
58 9
9 82
82 106
106 82
82 139
139 74
74 106
106 74
74 107
107 82
82 75
75 82
82 106
106 82
82 106
106 82
82 138
138 82
82 138
138 82
82 138
138 82
82 138
138 74
74 171
171 74
74 171
171 82
82 171
171 82
82 171
171 82
82 171
171 90
90 139
139 90
90 172
172 90
90 140
140 90
90 171
171 82
82 203
203 90
90 204
204 98
98 236
236 90
90 236
236 90
90 236
236 99
99 12
12 98
98 236
236 99
99 12
12 99
99 12
12 98
98 236
236 107
END_IMAGE:
NEW_IMAGE:
24 129
129 16
16 130
130 16
16 130
130 16
16 162
162 16
16 130
130 16
16 130
130 24
24 130
130 24
24 130
130 32
32 130
130 32
32 131
131 32
32 131
131 24
24 98
98 24
24 130
130 24
24 98
98 24
24 98
98 24
24 130
130 24
24 98
98 24
24 129
129 16
16 130
130 24
24 130
130 24
24 129
129 16
16 130
130 24
24 130
130 24
24 130
130 24
24 130
130 24
24 130
130 24
24 162
162 24
24 162
162 32
32 162
162 24
24 194
194 24
24 195
195 24
24 195
195 24
24 195
195 24
24 195
195 24
24 194
194 24
24 194
194 24
24 194
194 24
24 195
195 24
24 194
194 24
24 195
195 24
24 163
163 24
24 195
195 24
24 195
195 32
32 195
195 32
32 195
195 33
33 4
4 33
33 36
36 33
33 36
36 33
33 36
36 33
33 35
35 41
41 36
36 41
41 3
3 41
41 36
36 41
41 35
35 41
41 36
36 41
41 69
69 41
41 69
69 41
41 68
68 41
41 68
68 41
41 69
69 41
41 36
36 41
41 69
69 41
41 69
69 41
41 69
69 41
41 101
101 41
41 101
101 41
41 101
101 41
41 101
101 49
49 101
101 41
41 69
69 41
41 101
101 41
41 69
69 41
41 101
101 41
41 70
70 32
32 229
229 32
32 197
197 32
32 229
229 32
32 197
197 32
32 197
197 32
32 197
197 32
32 197
197 32
32 197
197 32
32 229
229 32
32 229
229 32
32 228
228 24
24 228
228 32
32 197
197 32
32 197
197 32
32 197
197 32
32 197
197 32
32 197
197 32
32 229
229 32
32 197
197 32
32 229
229 32
32 229
229 33
33 6
6 32
32 229
229 32
32 230
230 33
33 6
6 25
25 5
5 24
24 229
229 33
33 6
6 25
25 5
5 33
33 70
70 33
33 70
70 33
33 70
70 41
41 134
134 41
41 166
166 41
41 166
166 41
41 101
101 49
49 133
133 49
49 166
166 49
49 166
166 49
49 198
198 57
57 231
231 58
58 7
7 57
57 231
231 58
58 7
7 57
57 231
231 65
65 230
230 73
73 197
197 65
65 230
230 74
74 6
6 65
65 197
197 73
73 198
198 73
73 198
198 73
73 230
230 82
82 6
6 74
74 6
6 74
74 6
6 73
73 230
230 74
74 6
6 74
74 5
5 74
74 6
6 74
74 38
38 73
73 229
229 73
73 229
229 81
81 196
196 65
65 134
134 66
66 41
41 99
99 77
77 115
115 208
208 91
91 13
13 74
74 72
72 57
57 199
199 49
49 101
101 65
65 232
232 90
90 105
105 90
90 73
73 123
123 144
144 156
156 180
180 165
165 53
53 156
156 244
244 148
148 180
180 148
148 180
180 156
156 182
182 140
140 149
149 123
123 240
240 123
123 240
240 132
132 49
49 132
132 82
82 140
140 82
82 140
140 115
115 140
140 49
49 140
140 50
50 173
173 86
86 173
173 86
86 173
173 54
54 165
165 54
54 165
165 22
22 173
173 86
86 173
173 119
119 173
173 86
86 165
165 54
54 148
148 213
213 156
156 181
181 148
148 83
83 132
132 17
17 140
140 51
51 140
140 18
18 148
148 147
147 165
165 22
22 148
148 148
148 140
140 82
82 156
156 147
147 148
148 147
147 164
164 244
244 173
173 118
118 165
165 119
119 173
173 184
184 198
198 26
26 206
206 60
60 189
189 218
218 165
165 53
53 165
165 21
21 165
165 86
86 173
173 87
87 181
181 88
88 189
189 88
88 173
173 53
53 165
165 54
54 190
190 58
58 206
206 154
154 206
206 156
156 198
198 91
91 198
198 27
27 181
181 153
153 165
165 21
21 172
172 247
247 164
164 245
245 165
165 21
21 173
173 86
86 189
189 184
184 198
198 25
25 198
198 57
57 198
198 57
57 198
198 25
25 198
198 57
57 189
189 250
250 181
181 184
184 181
181 184
184 181
181 152
152 181
181 184
184 181
181 152
152 189
189 215
215 189
189 249
249 189
189 216
216 189
189 249
249 181
181 152
152 173
173 54
54 173
173 54
54 165
165 85
85 173
173 86
86 181
181 151
151 181
181 151
151 181
181 184
184 181
181 184
184 181
181 183
183 181
181 183
183 189
189 184
184 189
189 184
184 189
189 216
216 189
189 216
216 189
189 185
185 189
189 153
153 189
189 185
185 181
181 152
152 181
181 119
119 181
181 119
119 181
181 119
119 181
181 151
151 181
181 184
184 181
181 151
151 181
181 87
87 180
180 247
247 164
164 212
212 165
165 54
54 181
181 185
185 198
198 24
24 198
198 25
25 198
198 24
24 189
189 216
216 189
189 216
216 189
189 216
216 181
181 151
151 165
165 53
53 165
165 21
21 173
173 53
53 181
181 119
119 181
181 184
184 190
190 24
24 198
198 58
58 198
198 26
26 197
197 249
249 197
197 248
248 198
198 25
25 189
189 248
248 181
181 151
151 173
173 86
86 164
164 245
245 165
165 21
21 173
173 54
54 173
173 118
118 189
189 152
152 189
189 184
184 189
189 216
216 189
189 249
249 189
189 217
217 189
189 185
185 189
189 184
184 197
197 184
184 197
197 249
249 189
189 248
248 189
189 216
216 173
173 23
23 164
164 244
244 181
181 118
118 198
198 26
26 206
206 89
89 198
198 58
58 181
181 118
118 165
165 20
20 131
131 240
240 98
98 236
236 90
90 203
203 82
82 73
73 82
82 105
105 106
106 136
136 114
114 137
137 122
122 169
169 122
122 168
168 122
122 167
167 122
122 167
167 114
114 200
200 106
106 201
201 107
107 11
11 82
82 138
138 65
65 231
231 65
65 231
231 65
65 199
199 73
END_IMAGE:
NEW_IMAGE:
66 41
41 74
74 74
74 74
74 42
42 74
74 43
43 74
74 75
75 74
74 74
74 74
74 106
106 74
74 105
105 82
82 138
138 74
74 138
138 74
74 106
106 82
82 138
138 82
82 138
138 74
74 138
138 82
82 171
171 82
82 139
139 82
82 139
139 82
82 139
139 82
82 139
139 82
82 138
138 82
82 171
171 82
82 171
171 82
82 138
138 82
82 170
170 82
82 171
171 90
90 203
203 82
82 203
203 90
90 203
203 90
90 203
203 90
90 203
203 90
90 203
203 90
90 203
203 90
90 203
203 90
90 171
171 90
90 203
203 90
90 203
203 90
90 236
236 90
90 203
203 90
90 204
204 90
90 204
204 98
98 236
236 90
90 236
236 90
90 236
236 90
90 204
204 90
90 236
236 90
90 236
236 99
99 12
12 90
90 236
236 99
99 12
12 99
99 12
12 99
99 12
12 98
98 236
236 98
98 236
236 99
99 44
44 99
99 12
12 99
99 12
12 99
99 12
12 99
99 44
44 99
99 12
12 107
107 13
13 106
106 237
237 107
107 46
46 107
107 14
14 99
99 45
45 107
107 77
77 99
99 45
45 99
99 77
77 99
99 44
44 107
107 77
77 107
107 77
77 107
107 77
77 107
107 77
77 107
107 45
45 107
107 77
77 107
107 13
13 107
107 45
45 107
107 77
77 115
115 109
109 107
107 77
77 107
107 77
77 107
107 77
77 115
115 78
78 115
115 78
78 115
115 78
78 115
115 78
78 115
115 78
78 115
115 77
77 115
115 110
110 115
115 110
110 115
115 109
109 115
115 110
110 115
115 110
110 107
107 78
78 115
115 111
111 115
115 143
143 107
107 109
109 115
115 110
110 115
115 110
110 115
115 142
142 115
115 142
142 115
115 110
110 115
115 110
110 115
115 110
110 115
115 110
110 115
115 110
110 115
115 110
110 123
123 78
78 123
123 111
111 123
123 110
110 123
123 78
78 115
115 110
110 115
115 110
110 115
115 142
142 115
115 142
142 115
115 142
142 115
115 142
142 115
115 142
142 115
115 142
142 115
115 142
142 115
115 142
142 115
115 110
110 115
115 110
110 115
115 110
110 115
115 110
110 115
115 110
110 115
115 142
142 115
115 142
142 115
115 142
142 115
115 142
142 115
115 77
77 123
123 142
142 115
115 110
110 115
115 110
110 115
115 110
110 115
115 110
110 115
115 78
78 115
115 77
77 115
115 77
77 115
115 110
110 115
115 110
110 107
107 77
77 123
123 111
111 123
123 78
78 123
123 78
78 115
115 78
78 115
115 78
78 115
115 78
78 107
107 77
77 107
107 110
110 107
107 77
77 107
107 110
110 107
107 110
110 115
115 110
110 115
115 46
46 115
115 13
13 115
115 45
45 115
115 45
45 107
107 13
13 107
107 45
45 107
107 77
77 115
115 77
77 115
115 77
77 107
107 77
77 115
115 78
78 107
107 77
77 107
107 45
45 107
107 45
45 106
106 237
237 114
114 237
237 114
114 237
237 114
114 237
237 99
99 12
12 99
99 12
12 99
99 44
44 98
98 236
236 106
106 204
204 98
98 204
204 98
98 235
235 98
98 203
203 90
90 203
203 82
82 170
170 90
90 203
203 90
90 42
42 74
74 42
42 66
66 40
40 58
58 9
9 49
49 135
135 41
41 69
69 41
41 37
37 24
24 228
228 33
33 4
4 32
32 228
228 32
32 228
228 32
32 228
228 32
32 196
196 40
40 196
196 32
32 195
195 32
32 196
196 40
40 196
196 40
40 196
196 32
32 163
163 24
24 195
195 32
32 227
227 32
32 227
227 32
32 196
196 32
32 196
196 32
32 196
196 32
32 196
196 32
32 196
196 32
32 196
196 32
32 195
195 32
32 196
196 32
32 164
164 32
32 196
196 24
24 227
227 24
24 195
195 24
24 195
195 32
32 228
228 32
32 195
195 32
32 195
195 24
24 195
195 24
24 195
195 24
24 195
195 32
32 196
196 32
32 163
163 32
32 195
195 32
32 195
195 32
32 196
196 32
32 196
196 24
24 195
195 24
24 227
227 32
32 196
196 32
32 196
196 32
32 196
196 32
32 196
196 32
32 196
196 32
32 196
196 32
32 163
163 32
32 163
163 32
32 163
163 32
32 163
163 32
32 163
163 32
32 195
195 32
32 163
163 32
32 195
195 32
32 196
196 32
32 164
164 32
32 164
164 32
32 163
163 32
32 227
227 24
24 195
195 32
32 195
195 32
32 163
163 32
32 195
195 32
32 195
195 24
24 195
195 24
24 227
227 32
32 195
195 32
32 195
195 32
32 196
196 32
32 195
195 32
32 163
163 24
24 195
195 24
24 195
195 24
24 227
227 24
24 227
227 24
24 227
227 24
24 196
196 24
24 195
195 24
24 195
195 24
24 195
195 24
24 195
195 24
24 163
163 32
32 195
195 32
32 163
163 32
32 163
163 32
32 163
163 32
32 164
164 32
32 195
195 32
32 195
195 32
32 195
195 32
32 195
195 24
24 195
195 24
24 195
195 24
24 195
195 32
32 196
196 32
32 196
196 32
32 164
164 24
24 195
195 24
24 195
195 32
32 195
195 32
32 195
195 32
32 195
195 32
32 195
195 32
32 195
195 32
32 195
195 24
24 195
195 24
24 195
195 24
24 195
195 24
24 195
195 24
24 195
195 24
24 195
195 32
32 163
163 32
32 196
196 32
32 195
195 32
32 195
195 32
32 195
195 24
24 195
195 24
24 195
195 24
24 195
195 24
24 195
195 24
24 195
195 24
24 163
163 24
24 195
195 24
24 195
195 24
24 227
227 24
24 195
195 24
24 195
195 32
32 195
195 32
32 195
195 32
END_IMAGE:
NEW_IMAGE:
49 166
166 57
57 167
167 57
57 199
199 57
57 199
199 58
58 8
8 57
57 199
199 66
66 8
8 66
66 40
40 66
66 40
40 66
66 8
8 66
66 8
8 74
74 73
73 74
74 41
41 74
74 106
106 74
74 73
73 74
74 105
105 66
66 40
40 74
74 106
106 74
74 41
41 57
57 231
231 66
66 72
72 82
82 138
138 74
74 138
138 82
82 138
138 90
90 73
73 82
82 105
105 82
82 138
138 74
74 105
105 82
82 73
73 82
82 105
105 74
74 73
73 74
74 8
8 74
74 8
8 74
74 8
8 81
81 232
232 74
74 8
8 74
74 8
8 74
74 8
8 74
74 8
8 74
74 40
40 74
74 8
8 74
74 40
40 74
74 40
40 74
74 8
8 74
74 8
8 82
82 41
41 82
82 40
40 82
82 41
41 82
82 41
41 82
82 40
40 90
90 40
40 82
82 72
72 82
82 72
72 82
82 40
40 90
90 72
72 90
90 41
41 98
98 41
41 90
90 73
73 74
74 73
73 74
74 40
40 90
90 137
137 115
115 109
109 115
115 108
108 115
115 142
142 99
99 77
77 90
90 204
204 82
82 139
139 90
90 139
139 98
98 107
107 90
90 106
106 90
90 138
138 90
90 138
138 90
90 106
106 90
90 106
106 98
98 106
106 90
90 138
138 98
98 170
170 90
90 138
138 90
90 138
138 90
90 138
138 90
90 170
170 90
90 171
171 90
90 170
170 98
98 139
139 98
98 139
139 98
98 138
138 98
98 170
170 98
98 170
170 98
98 171
171 90
90 170
170 90
90 170
170 98
98 170
170 90
90 170
170 90
90 170
170 98
98 202
202 98
98 170
170 98
98 202
202 98
98 202
202 98
98 202
202 98
98 235
235 90
90 203
203 90
90 203
203 90
90 203
203 90
90 203
203 98
98 203
203 98
98 171
171 98
98 203
203 98
98 203
203 98
98 203
203 98
98 235
235 98
98 203
203 98
98 203
203 98
98 203
203 98
98 235
235 90
90 202
202 90
90 202
202 90
90 203
203 90
90 203
203 98
98 171
171 90
90 171
171 90
90 203
203 90
90 203
203 90
90 171
171 90
90 171
171 98
98 171
171 98
98 171
171 90
90 203
203 98
98 170
170 98
98 170
170 98
98 170
170 90
90 202
202 98
98 203
203 106
106 171
171 98
98 138
138 98
98 171
171 98
98 171
171 90
90 171
171 98
98 171
171 98
98 139
139 90
90 203
203 90
90 203
203 90
90 203
203 98
98 171
171 98
98 139
139 90
90 106
106 90
90 139
139 90
90 139
139 90
90 139
139 90
90 138
138 90
90 139
139 90
90 139
139 98
98 171
171 90
90 139
139 90
90 138
138 90
90 139
139 90
90 139
139 98
98 139
139 98
98 107
107 98
98 138
138 98
98 138
138 90
90 106
106 98
98 106
106 98
98 106
106 98
98 107
107 98
98 107
107 98
98 107
107 90
90 139
139 90
90 139
139 82
82 138
138 90
90 138
138 90
90 138
138 82
82 170
170 82
82 170
170 90
90 170
170 90
90 138
138 90
90 138
138 90
90 105
105 98
98 106
106 98
98 106
106 98
98 106
106 90
90 106
106 90
90 106
106 90
90 138
138 82
82 106
106 82
82 138
138 82
82 138
138 82
82 138
138 82
82 139
139 82
82 138
138 90
90 138
138 90
90 138
138 90
90 106
106 90
90 106
106 90
90 106
106 90
90 106
106 90
90 106
106 90
90 106
106 90
90 106
106 90
90 106
106 82
82 138
138 82
82 106
106 90
90 106
106 90
90 139
139 90
90 107
107 90
90 139
139 90
90 139
139 82
82 139
139 90
90 107
107 90
90 107
107 82
82 138
138 82
82 138
138 90
90 139
139 82
82 138
138 90
90 138
138 90
90 138
138 90
90 138
138 90
90 106
106 90
90 106
106 90
90 106
106 82
82 138
138 82
82 138
138 82
82 106
106 82
82 106
106 82
82 106
106 90
90 107
107 82
82 107
107 82
82 138
138 82
82 106
106 82
82 138
138 82
82 138
138 82
82 138
138 82
82 106
106 82
82 138
138 82
82 138
138 82
82 138
138 90
90 138
138 90
90 138
138 90
90 106
106 90
90 106
106 90
90 138
138 82
82 138
138 82
82 138
138 82
82 138
138 82
82 138
138 82
82 138
138 82
82 106
106 82
82 106
106 82
82 106
106 82
82 106
106 82
82 138
138 82
82 138
138 82
82 106
106 90
90 106
106 90
90 106
106 90
90 106
106 82
82 74
74 82
82 106
106 90
90 139
139 82
82 106
106 82
82 106
106 82
82 138
138 82
82 138
138 82
82 106
106 82
82 106
106 82
82 105
105 82
82 138
138 82
82 106
106 82
82 138
138 82
82 106
106 74
74 106
106 82
82 106
106 82
82 106
106 82
82 106
106 82
82 106
106 90
90 106
106 82
82 106
106 82
82 138
138 74
74 106
106 74
74 106
106 82
82 106
106 82
82 106
106 82
82 105
105 74
74 105
105 74
74 73
73 74
74 74
74 82
82 74
74 74
74 74
74 82
82 74
74 82
82 42
42 82
82 73
73 82
82 73
73 82
82 73
73 82
82 73
73 82
82 41
41 74
74 73
73 74
74 73
73 74
74 73
73 74
74 74
74 82
82 41
41 74
74 73
73 82
82 73
73 82
82 41
41 74
74 73
73 74
74 42
42 74
74 73
73 74
74 41
41 74
74 73
73 74
74 41
41 74
74 41
41 74
74 41
41 74
74 73
73 74
74 73
73 74
74 73
73 74
74 9
9 74
74 73
73 74
74 73
73 74
74 73
73 66
66 73
73 74
74 138
138 74
74 105
105 74
END_IMAGE:
NEW_IMAGE:
35 43
43 27
27 43
43 51
51 109
109 75
75 175
175 84
84 16
16 92
92 48
48 116
116 178
178 125
125 19
19 117
117 19
19 125
125 51
51 141
141 51
51 125
125 51
51 117
117 83
83 117
117 116
116 125
125 117
117 133
133 85
85 141
141 118
118 141
141 150
150 141
141 150
150 149
149 150
150 149
149 150
150 157
157 183
183 149
149 182
182 157
157 214
214 165
165 247
247 173
173 248
248 165
165 247
247 165
165 182
182 173
173 247
247 174
174 24
24 174
174 24
24 165
165 247
247 174
174 24
24 182
182 56
56 182
182 56
56 182
182 56
56 190
190 121
121 190
190 187
187 198
198 187
187 190
190 154
154 198
198 187
187 206
206 220
220 206
206 252
252 206
206 219
219 214
214 220
220 206
206 187
187 214
214 252
252 214
214 252
252 222
222 252
252 223
223 60
60 223
223 61
61 231
231 93
93 231
231 93
93 231
231 93
93 231
231 93
93 239
239 125
125 247
247 157
157 247
247 190
190 247
247 190
190 247
247 190
190 247
247 190
190 255
255 223
223 255
255 223
223 255
255 223
223 255
255 223
223 255
255 255
255 255
255 223
223 255
255 223
223 255
255 255
255 255
255 255
255 255
255 255
255 255
255 255
255 255
255 255
255 255
255 255
255 255
255 255
255 255
255 255
255 255
255 255
255 255
255 255
255 255
255 255
255 255
255 255
255 255
255 255
255 255
255 255
255 255
255 255
255 255
255 255
255 255
255 255
255 255
255 255
255 255
255 255
255 255
255 255
255 255
255 255
255 255
255 255
255 247
247 158
158 247
247 125
125 247
247 158
158 247
247 125
125 231
231 28
28 222
222 218
218 206
206 88
88 189
189 247
247 181
181 181
181 156
156 242
242 156
156 242
242 132
132 47
47 132
132 48
48 91
91 77
77 83
83 12
12 74
74 171
171 66
66 74
74 66
66 107
107 41
41 233
233 41
41 234
234 50
50 42
42 58
58 74
74 74
74 172
172 82
82 203
203 90
90 236
236 82
82 235
235 82
82 236
236 74
74 235
235 82
82 235
235 82
82 235
235 83
83 44
44 91
91 44
44 82
82 235
235 74
74 235
235 74
74 235
235 75
75 11
11 67
67 43
43 66
66 234
234 82
82 202
202 74
74 202
202 74
74 170
170 82
82 202
202 82
82 202
202 74
74 169
169 74
74 201
201 74
74 234
234 74
74 234
234 67
67 10
10 59
59 10
10 50
50 201
201 59
59 9
9 51
51 9
9 59
59 41
41 43
43 73
73 43
43 41
41 51
51 41
41 51
51 41
41 50
50 231
231 58
58 232
232 51
51 41
41 43
43 41
41 51
51 42
42 51
51 41
41 50
50 231
231 66
66 232
232 59
59 8
8 51
51 40
40 51
51 8
8 59
59 8
8 59
59 8
8 58
58 232
232 58
58 232
232 58
58 232
232 58
58 233
233 51
51 8
8 51
51 8
8 59
59 8
8 51
51 8
8 51
51 40
40 43
43 8
8 51
51 40
40 51
51 8
8 51
51 8
8 51
51 7
7 51
51 40
40 51
51 40
40 51
51 40
40 51
51 8
8 59
59 8
8 59
59 8
8 59
59 8
8 51
51 41
41 43
43 41
41 51
51 41
41 59
59 9
9 59
59 9
9 51
51 9
9 59
59 9
9 59
59 41
41 51
51 41
41 51
51 41
41 51
51 40
40 51
51 8
8 51
51 40
40 51
51 41
41 51
51 9
9 59
59 9
9 59
59 9
9 59
59 9
9 59
59 9
9 59
59 9
9 51
51 41
41 51
51 9
9 59
59 9
9 59
59 41
41 51
51 40
40 59
59 40
40 59
59 40
40 59
59 40
40 59
59 40
40 51
51 41
41 51
51 40
40 51
51 41
41 59
59 41
41 59
59 41
41 59
59 73
73 59
59 41
41 59
59 41
41 59
59 41
41 59
59 42
42 59
59 42
42 59
59 42
42 51
51 10
10 59
59 41
41 67
67 9
9 59
59 9
9 59
59 41
41 59
59 41
41 59
59 73
73 59
59 73
73 59
59 73
73 59
59 41
41 59
59 41
41 59
59 73
73 59
59 73
73 67
67 41
41 67
67 41
41 67
67 41
41 59
59 41
41 59
59 41
41 59
59 41
41 59
59 41
41 59
59 41
41 59
59 41
41 59
59 41
41 59
59 41
41 59
59 9
9 67
67 41
41 67
67 41
41 67
67 42
42 67
67 41
41 67
67 41
41 67
67 40
40 67
67 40
40 67
67 40
40 59
59 40
40 67
67 41
41 75
75 42
42 75
75 10
10 75
75 10
10 67
67 43
43 67
67 44
44 83
83 77
77 83
83 240
240 67
67 240
240 51
51 109
109 59
59 77
77 59
59 141
141 43
43 44
44 34
34 203
203 42
42 234
234 43
43 10
10 50
50 202
202 42
42 136
136 42
42 136
136 42
42 136
136 34
34 167
167 26
26 166
166 34
34 135
135 34
34 103
103 34
34 135
135 34
34 134
134 26
26 102
102 34
34 135
135 34
34 103
103 26
26 70
70 34
34 103
103 34
34 71
71 34
34 38
38 34
34 70
70 18
18 70
70 34
34 70
70 42
42 39
39 42
42 136
136 34
34 136
136 34
34 201
201 34
34 202
202 34
34 234
234 35
35 10
10 35
35 10
10 34
34 233
233 34
34 168
168 34
34 167
167 26
26 135
135 34
34 135
135 34
34 103
103 26
26 103
103 34
34 71
71 34
34 70
70 26
26 38
38 34
34 6
6 34
34 38
38 34
34 38
38 34
34 38
38 34
34 38
38 26
26 37
37 26
26 37
37 26
26 37
37 34
34 37
37 34
34 37
37 34
END_IMAGE:
NEW_IMAGE:
0 195
195 0
0 195
195 0
0 195
195 0
0 194
194 0
0 194
194 0
0 226
226 0
0 225
225 1
1 2
2 0
0 226
226 0
0 226
226 0
0 226
226 0
0 226
226 0
0 226
226 0
0 226
226 0
0 194
194 0
0 228
228 0
0 227
227 1
1 2
2 0
0 226
226 0
0 227
227 1
1 2
2 0
0 226
226 0
0 226
226 0
0 226
226 1
1 2
2 1
1 2
2 1
1 2
2 1
1 2
2 1
1 1
1 1
1 65
65 1
1 34
34 1
1 3
3 1
1 3
3 1
1 35
35 1
1 35
35 1
1 35
35 1
1 35
35 1
1 67
67 1
1 67
67 1
1 66
66 1
1 131
131 1
1 198
198 1
1 101
101 1
1 99
99 1
1 68
68 1
1 132
132 1
1 229
229 10
10 39
39 18
18 7
7 18
18 7
7 18
18 7
7 9
9 230
230 9
9 230
230 10
10 6
6 9
9 230
230 17
17 167
167 9
9 198
198 1
1 196
196 1
1 164
164 9
9 132
132 9
9 131
131 9
9 100
100 17
17 68
68 9
9 35
35 9
9 35
35 1
1 99
99 9
9 131
131 9
9 99
99 9
9 99
99 9
9 132
132 9
9 68
68 17
17 100
100 9
9 100
100 9
9 131
131 9
9 99
99 9
9 99
99 9
9 132
132 1
1 132
132 1
1 131
131 9
9 163
163 9
9 99
99 17
17 132
132 9
9 163
163 17
17 163
163 9
9 163
163 9
9 164
164 9
9 164
164 17
17 132
132 25
25 100
100 25
25 100
100 25
25 133
133 9
9 164
164 25
25 165
165 33
33 132
132 25
25 134
134 17
17 200
200 9
9 166
166 17
17 68
68 25
25 101
101 33
33 99
99 25
25 166
166 2
2 74
74 1
1 135
135 0
0 133
133 1
1 70
70 2
2 0
0 91
91 106
106 133
133 118
118 75
75 173
173 1
1 131
131 75
75 237
237 223
223 222
222 231
231 124
124 239
239 255
255 150
150 121
121 141
141 183
183 174
174 187
187 215
215 255
255 175
175 30
30 91
91 241
241 75
75 175
175 59
59 110
110 50
50 138
138 9
9 100
100 9
9 100
100 1
1 132
132 1
1 229
229 9
9 196
196 17
17 164
164 17
17 229
229 25
25 230
230 25
25 198
198 17
17 197
197 17
17 228
228 18
18 5
5 17
17 229
229 17
17 197
197 25
25 197
197 25
25 197
197 25
25 197
197 25
25 229
229 18
18 4
4 26
26 5
5 18
18 5
5 26
26 37
37 26
26 37
37 18
18 38
38 26
26 6
6 26
26 6
6 34
34 38
38 34
34 6
6 33
33 229
229 25
25 198
198 25
25 70
70 33
33 134
134 42
42 70
70 99
99 204
204 141
141 115
115 141
141 148
148 183
183 125
125 150
150 252
252 74
74 235
235 9
9 133
133 17
17 164
164 25
25 229
229 25
25 229
229 26
26 5
5 33
33 229
229 33
33 229
229 26
26 6
6 33
33 230
230 33
33 198
198 34
34 38
38 26
26 37
37 26
26 37
37 26
26 37
37 26
26 69
69 26
26 69
69 26
26 69
69 34
34 69
69 34
34 37
37 26
26 70
70 26
26 38
38 26
26 70
70 34
34 71
71 34
34 6
6 34
34 38
38 26
26 135
135 26
26 103
103 42
42 6
6 42
42 70
70 59
59 43
43 43
43 74
74 34
34 201
201 26
26 72
72 41
41 231
231 50
50 40
40 50
50 7
7 50
50 7
7 42
42 39
39 34
34 135
135 26
26 199
199 26
26 198
198 26
26 199
199 18
18 199
199 26
26 231
231 26
26 199
199 34
34 200
200 34
34 168
168 34
34 168
168 34
34 169
169 34
34 201
201 34
34 136
136 34
34 71
71 34
34 38
38 34
34 6
6 10
10 38
38 26
26 135
135 83
83 107
107 108
108 176
176 59
59 139
139 34
34 199
199 26
26 198
198 34
34 166
166 34
34 101
101 34
34 5
5 34
34 38
38 34
34 38
38 34
34 6
6 34
34 6
6 34
34 38
38 34
34 38
38 34
34 7
7 42
42 7
7 50
50 137
137 67
67 75
75 43
43 73
73 43
43 136
136 43
43 104
104 43
43 72
72 43
43 72
72 43
43 104
104 51
51 41
41 58
58 201
201 42
42 200
200 34
34 199
199 34
34 167
167 34
34 102
102 42
42 102
102 42
42 102
102 42
42 102
102 42
42 70
70 34
34 102
102 34
34 102
102 34
34 101
101 34
34 101
101 34
34 70
70 34
34 70
70 34
34 70
70 34
34 70
70 34
34 102
102 34
34 70
70 42
42 102
102 34
34 101
101 42
42 70
70 42
42 70
70 34
34 70
70 34
34 101
101 34
34 70
70 34
34 102
102 34
34 70
70 34
34 70
70 42
42 70
70 42
42 71
71 42
42 71
71 34
34 71
71 34
34 103
103 34
34 70
70 34
34 102
102 34
34 102
102 42
42 102
102 34
34 102
102 42
42 102
102 42
42 102
102 42
42 102
102 34
34 102
102 34
34 134
134 34
34 134
134 34
34 134
134 34
34 134
134 42
42 102
102 42
42 70
70 42
42 102
102 42
42 134
134 42
42 134
134 42
42 134
134 42
42 134
134 42
42 134
134 42
42 103
103 42
42 103
103 42
42 103
103 34
34 135
135 34
34 135
135 34
34 167
167 34
34 167
167 34
34 166
166 34
34 166
166 34
34 166
166 34
34 166
166 34
34 166
166 34
34 166
166 42
42 167
167 42
42 167
167 34
34 198
198 42
42 167
167 42
42 135
135 42
42 135
135 42
42 166
166 42
42 167
167 42
42 166
166 42
END_IMAGE:
