NEW_IMAGE:
33 69
69 41
41 69
69 41
41 69
69 33
33 69
69 41
41 69
69 41
41 69
69 41
41 101
101 41
41 101
101 41
41 101
101 41
41 101
101 41
41 101
101 41
41 101
101 41
41 101
101 41
41 101
101 41
41 101
101 41
41 101
101 41
41 101
101 41
41 101
101 41
41 101
101 41
41 101
101 41
41 101
101 41
41 133
133 41
41 101
101 41
41 101
101 49
49 134
134 41
41 133
133 49
49 133
133 49
49 133
133 49
49 133
133 49
49 134
134 49
49 134
134 41
41 101
101 49
49 133
133 41
41 133
133 41
41 133
133 49
49 133
133 49
49 133
133 49
49 133
133 49
49 101
101 49
49 166
166 49
49 134
134 49
49 134
134 41
41 134
134 49
49 134
134 49
49 133
133 49
49 134
134 49
49 134
134 49
49 133
133 49
49 133
133 49
49 133
133 49
49 133
133 49
49 134
134 49
49 133
133 41
41 166
166 41
41 166
166 41
41 134
134 49
49 134
134 49
49 134
134 49
49 134
134 49
49 134
134 49
49 134
134 49
49 134
134 49
49 134
134 49
49 133
133 49
49 133
133 49
49 134
134 49
49 134
134 49
49 134
134 49
49 134
134 49
49 134
134 49
49 133
133 49
49 134
134 49
49 134
134 49
49 134
134 49
49 134
134 49
49 134
134 49
49 166
166 49
49 166
166 49
49 134
134 49
49 166
166 49
49 166
166 49
49 166
166 49
49 166
166 49
49 166
166 49
49 166
166 49
49 166
166 49
49 166
166 49
49 166
166 57
57 199
199 49
49 166
166 49
49 166
166 49
49 166
166 57
57 199
199 49
49 167
167 49
49 167
167 49
49 199
199 49
49 167
167 57
57 167
167 57
57 167
167 49
49 199
199 49
49 166
166 49
49 166
166 49
49 166
166 49
49 166
166 49
49 167
167 49
49 167
167 49
49 199
199 49
49 167
167 49
49 167
167 49
49 167
167 49
49 167
167 49
49 199
199 49
49 166
166 57
57 199
199 49
49 166
166 49
49 199
199 49
49 199
199 49
49 199
199 49
49 167
167 49
49 199
199 49
49 166
166 49
49 167
167 49
49 199
199 49
49 167
167 49
49 166
166 49
49 167
167 49
49 166
166 49
49 199
199 41
41 199
199 49
49 167
167 41
41 102
102 41
41 69
69 33
33 4
4 33
33 4
4 33
33 4
4 33
33 4
4 25
25 4
4 24
24 195
195 24
24 195
195 24
24 195
195 24
24 227
227 24
24 195
195 24
24 195
195 24
24 163
163 32
32 195
195 24
24 162
162 32
32 195
195 32
32 195
195 24
24 195
195 24
24 195
195 24
24 195
195 24
24 195
195 24
24 195
195 24
24 195
195 24
24 227
227 24
24 227
227 33
33 3
3 25
25 3
3 33
33 3
3 24
24 227
227 24
24 227
227 24
24 194
194 24
24 227
227 24
24 195
195 24
24 195
195 24
24 195
195 24
24 163
163 24
24 163
163 24
24 195
195 24
24 195
195 24
24 195
195 24
24 195
195 24
24 194
194 24
24 226
226 24
24 194
194 24
24 194
194 24
24 195
195 24
24 195
195 24
24 194
194 24
24 227
227 24
24 195
195 24
24 195
195 24
24 195
195 24
24 195
195 32
32 195
195 32
32 195
195 24
24 163
163 24
24 195
195 24
24 195
195 24
24 227
227 32
32 195
195 32
32 195
195 32
32 195
195 24
24 195
195 24
24 227
227 24
24 227
227 32
32 227
227 32
32 195
195 32
32 195
195 32
32 227
227 32
32 227
227 24
24 195
195 32
32 195
195 24
24 195
195 32
32 195
195 32
32 195
195 24
24 195
195 24
24 195
195 24
24 195
195 24
24 194
194 24
24 227
227 32
32 195
195 32
32 195
195 24
24 195
195 33
33 3
3 33
33 3
3 33
33 3
3 41
41 68
68 41
41 36
36 41
41 36
36 41
41 36
36 33
33 36
36 32
32 228
228 24
24 227
227 32
32 227
227 32
32 227
227 32
32 227
227 33
33 3
3 33
33 3
3 33
33 3
3 33
33 3
3 33
33 36
36 40
40 227
227 32
32 227
227 24
24 227
227 32
32 227
227 32
32 227
227 32
32 227
227 32
32 227
227 32
32 227
227 32
32 228
228 32
32 227
227 32
32 228
228 32
32 227
227 33
33 3
3 33
33 3
3 41
41 4
4 32
32 227
227 33
33 4
4 41
41 36
36 41
41 36
36 40
40 226
226 41
41 36
36 57
57 65
65 66
66 7
7 99
99 44
44 140
140 145
145 181
181 183
183 189
189 150
150 156
156 178
178 115
115 142
142 107
107 45
45 115
115 142
142 115
115 143
143 123
123 143
143 123
123 143
143 115
115 143
143 123
123 175
175 115
115 143
143 115
115 143
143 115
115 143
143 115
115 143
143 123
123 143
143 115
115 143
143 115
115 111
111 115
115 143
143 115
115 144
144 115
115 176
176 123
123 176
176 115
115 175
175 123
123 208
208 140
140 50
50 140
140 19
19 148
148 149
149 149
149 22
22 165
165 88
88 189
189 216
216 189
189 248
248 197
197 247
247 197
197 247
247 206
206 24
24 205
205 247
247 206
206 23
23 206
206 24
24 206
206 24
24 206
206 24
24 206
206 24
24 206
206 24
24 205
205 247
247 206
206 24
24 206
206 23
23 206
206 23
23 206
206 24
24 197
197 247
247 197
197 247
247 197
197 247
247 197
197 247
247 197
197 215
215 197
197 247
247 197
197 215
215 197
197 215
215 197
197 247
247 197
197 215
215 197
197 215
215 197
197 247
247 197
197 215
215 197
197 215
215 189
189 215
215 189
189 182
182 189
189 182
182 189
END_IMAGE:
NEW_IMAGE:
74 7
7 73
73 231
231 74
74 7
7 74
74 7
7 74
74 8
8 74
74 7
7 74
74 7
7 74
74 7
7 74
74 7
7 74
74 7
7 74
74 7
7 66
66 7
7 66
66 7
7 66
66 8
8 66
66 7
7 74
74 7
7 73
73 231
231 74
74 8
8 74
74 7
7 74
74 7
7 82
82 7
7 74
74 7
7 74
74 7
7 74
74 7
7 74
74 7
7 74
74 7
7 74
74 8
8 82
82 8
8 82
82 8
8 82
82 8
8 82
82 8
8 82
82 7
7 82
82 7
7 82
82 7
7 82
82 40
40 74
74 7
7 82
82 40
40 82
82 40
40 82
82 40
40 74
74 40
40 74
74 40
40 74
74 40
40 74
74 40
40 82
82 39
39 82
82 39
39 74
74 7
7 82
82 39
39 82
82 39
39 74
74 39
39 74
74 39
39 82
82 39
39 82
82 39
39 82
82 7
7 82
82 7
7 82
82 6
6 82
82 7
7 82
82 7
7 82
82 39
39 74
74 7
7 73
73 230
230 74
74 6
6 82
82 6
6 82
82 6
6 74
74 6
6 74
74 6
6 74
74 5
5 66
66 38
38 73
73 230
230 90
90 6
6 82
82 38
38 82
82 39
39 82
82 7
7 82
82 6
6 74
74 6
6 82
82 38
38 73
73 230
230 81
81 230
230 73
73 196
196 81
81 197
197 73
73 230
230 73
73 198
198 73
73 230
230 73
73 230
230 73
73 231
231 81
81 231
231 73
73 231
231 73
73 197
197 73
73 229
229 73
73 229
229 73
73 229
229 73
73 230
230 73
73 230
230 73
73 197
197 73
73 198
198 73
73 198
198 73
73 197
197 73
73 197
197 73
73 197
197 73
73 197
197 73
73 230
230 73
73 230
230 73
73 165
165 73
73 165
165 73
73 132
132 73
73 165
165 73
73 197
197 65
65 165
165 65
65 198
198 65
65 165
165 65
65 133
133 65
65 132
132 65
65 132
132 57
57 100
100 57
57 133
133 57
57 101
101 57
57 35
35 49
49 133
133 57
57 227
227 82
82 102
102 98
98 233
233 98
98 200
200 90
90 168
168 98
98 168
168 98
98 201
201 98
98 200
200 98
98 200
200 98
98 200
200 98
98 232
232 98
98 233
233 98
98 232
232 106
106 201
201 98
98 169
169 106
106 201
201 98
98 169
169 106
106 168
168 106
106 201
201 98
98 168
168 98
98 200
200 98
98 200
200 90
90 167
167 98
98 199
199 98
98 199
199 90
90 167
167 90
90 167
167 98
98 168
168 90
90 104
104 98
98 169
169 90
90 136
136 90
90 168
168 90
90 136
136 90
90 136
136 90
90 136
136 98
98 135
135 98
98 135
135 98
98 71
71 98
98 70
70 98
98 38
38 90
90 38
38 90
90 70
70 90
90 70
70 90
90 70
70 90
90 38
38 90
90 71
71 90
90 39
39 90
90 39
39 90
90 71
71 90
90 71
71 90
90 39
39 82
82 39
39 82
82 39
39 82
82 39
39 82
82 38
38 82
82 38
38 82
82 38
38 82
82 38
38 82
82 6
6 82
82 38
38 82
82 6
6 82
82 38
38 82
82 6
6 81
81 230
230 74
74 6
6 66
66 39
39 66
66 7
7 66
66 8
8 65
65 231
231 82
82 8
8 74
74 8
8 66
66 8
8 66
66 8
8 66
66 8
8 74
74 7
7 74
74 8
8 74
74 8
8 74
74 40
40 74
74 40
40 66
66 40
40 74
74 40
40 74
74 40
40 74
74 7
7 74
74 40
40 74
74 40
40 74
74 40
40 74
74 40
40 74
74 40
40 74
74 73
73 66
66 40
40 74
74 41
41 74
74 72
72 74
74 72
72 74
74 105
105 74
74 72
72 82
82 40
40 82
82 40
40 74
74 72
72 82
82 72
72 82
82 72
72 82
82 105
105 74
74 72
72 82
82 105
105 82
82 105
105 82
82 105
105 74
74 72
72 74
74 73
73 82
82 105
105 82
82 105
105 74
74 105
105 74
74 105
105 82
82 105
105 82
82 73
73 82
82 105
105 82
82 137
137 82
82 137
137 82
82 105
105 82
82 137
137 82
82 137
137 90
90 137
137 90
90 136
136 90
90 137
137 90
90 137
137 90
90 137
137 90
90 137
137 90
90 137
137 90
90 137
137 90
90 137
137 90
90 137
137 90
90 170
170 90
90 138
138 90
90 170
170 90
90 202
202 82
82 170
170 90
90 202
202 90
90 170
170 90
90 170
170 90
90 170
170 90
90 202
202 90
90 202
202 90
90 202
202 98
98 202
202 98
98 170
170 106
106 202
202 98
98 201
201 98
98 202
202 107
107 11
11 98
98 235
235 98
98 235
235 98
98 235
235 98
98 235
235 106
106 235
235 107
107 11
11 99
99 11
11 99
99 11
11 99
99 12
12 107
107 12
12 107
107 12
12 107
107 12
12 107
107 12
12 107
107 44
44 99
99 44
44 99
99 12
12 99
99 44
44 99
99 44
44 99
99 44
44 99
99 44
44 99
99 44
44 99
99 44
44 99
99 44
44 107
107 76
76 107
107 77
77 99
99 44
44 107
107 77
77 107
107 77
77 107
107 109
109 107
107 109
109 107
107 77
77 107
107 77
77 107
107 77
77 107
107 77
77 107
107 77
77 107
107 77
77 107
107 76
76 107
107 109
109 107
107 77
77 115
115 142
142 107
107 109
109 107
107 109
109 107
107 109
109 107
107 45
45 107
107 77
77 107
107 77
77 107
107 77
77 107
107 109
109 107
107 77
77 107
107 109
109 107
107 109
109 107
107 77
77 107
107 109
109 107
107 77
77 107
107 142
142 107
107 77
77 107
END_IMAGE:
NEW_IMAGE:
177 68
68 177
177 69
69 177
177 102
102 177
177 102
102 177
177 102
102 177
177 102
102 177
177 134
134 177
177 134
134 177
177 134
134 177
177 134
134 177
177 134
134 177
177 134
134 169
169 134
134 169
169 134
134 169
169 133
133 169
169 133
133 169
169 133
133 153
153 198
198 129
129 166
166 105
105 133
133 97
97 197
197 81
81 197
197 73
73 198
198 65
65 198
198 65
65 197
197 65
65 163
163 65
65 163
163 73
73 98
98 81
81 131
131 81
81 164
164 65
65 164
164 65
65 165
165 65
65 165
165 65
65 165
165 65
65 164
164 73
73 131
131 73
73 130
130 89
89 163
163 97
97 161
161 89
89 225
225 97
97 225
225 98
98 2
2 98
98 2
2 98
98 2
2 98
98 34
34 90
90 33
33 90
90 33
33 90
90 65
65 90
90 33
33 90
90 34
34 90
90 66
66 90
90 65
65 98
98 66
66 98
98 66
66 98
98 34
34 90
90 35
35 82
82 36
36 82
82 38
38 82
82 6
6 74
74 6
6 74
74 7
7 74
74 7
7 74
74 7
7 74
74 7
7 73
73 231
231 73
73 231
231 73
73 230
230 65
65 230
230 66
66 8
8 66
66 8
8 74
74 73
73 66
66 8
8 66
66 8
8 74
74 40
40 74
74 7
7 66
66 6
6 58
58 38
38 66
66 39
39 74
74 7
7 82
82 9
9 82
82 8
8 82
82 8
8 82
82 8
8 82
82 40
40 82
82 8
8 82
82 7
7 74
74 7
7 74
74 8
8 82
82 40
40 74
74 8
8 74
74 40
40 74
74 7
7 74
74 7
7 74
74 7
7 74
74 40
40 74
74 7
7 74
74 7
7 74
74 39
39 74
74 7
7 65
65 230
230 74
74 7
7 74
74 39
39 66
66 38
38 74
74 71
71 74
74 71
71 74
74 7
7 81
81 230
230 73
73 198
198 73
73 230
230 73
73 230
230 73
73 198
198 73
73 198
198 73
73 230
230 73
73 197
197 73
73 230
230 65
65 198
198 65
65 230
230 65
65 197
197 65
65 197
197 65
65 197
197 65
65 165
165 65
65 229
229 65
65 197
197 65
65 197
197 65
65 198
198 65
65 166
166 65
65 198
198 73
73 197
197 65
65 197
197 65
65 197
197 65
65 229
229 65
65 197
197 65
65 197
197 65
65 197
197 65
65 197
197 65
65 197
197 65
65 197
197 65
65 165
165 65
65 197
197 65
65 197
197 65
65 197
197 65
65 197
197 65
65 197
197 65
65 164
164 65
65 131
131 73
73 194
194 82
82 5
5 82
82 39
39 82
82 104
104 82
82 72
72 82
82 104
104 82
82 72
72 82
82 104
104 82
82 104
104 82
82 104
104 82
82 103
103 82
82 103
103 82
82 71
71 90
90 71
71 90
90 71
71 90
90 72
72 82
82 104
104 82
82 104
104 82
82 104
104 82
82 71
71 82
82 71
71 90
90 71
71 82
82 71
71 82
82 72
72 82
82 72
72 82
82 104
104 82
82 104
104 82
82 72
72 82
82 104
104 82
82 104
104 82
82 72
72 82
82 105
105 82
82 105
105 82
82 104
104 82
82 104
104 82
82 104
104 82
82 104
104 82
82 104
104 82
82 104
104 82
82 105
105 82
82 104
104 82
82 105
105 82
82 137
137 74
74 105
105 82
82 137
137 82
82 137
137 82
82 137
137 82
82 137
137 82
82 72
72 90
90 105
105 90
90 105
105 90
90 73
73 90
90 73
73 90
90 73
73 82
82 105
105 74
74 105
105 82
82 137
137 82
82 138
138 82
82 138
138 82
82 138
138 82
82 138
138 82
82 138
138 82
82 138
138 82
82 138
138 82
82 138
138 82
82 138
138 82
82 138
138 74
74 106
106 74
74 138
138 82
82 138
138 74
74 138
138 74
74 138
138 74
74 138
138 82
82 138
138 74
74 73
73 74
74 40
40 66
66 40
40 66
66 40
40 66
66 40
40 74
74 8
8 74
74 40
40 74
74 41
41 82
82 42
42 74
74 41
41 74
74 8
8 74
74 40
40 74
74 40
40 66
66 8
8 66
66 40
40 66
66 73
73 66
66 40
40 74
74 40
40 74
74 41
41 74
74 72
72 74
74 40
40 74
74 40
40 74
74 72
72 74
74 72
72 74
74 72
72 74
74 72
72 74
74 40
40 82
82 40
40 82
82 40
40 82
82 72
72 82
82 40
40 82
82 72
72 82
82 72
72 82
82 72
72 82
82 73
73 82
82 72
72 82
82 40
40 90
90 72
72 90
90 72
72 90
90 72
72 90
90 40
40 90
90 104
104 82
82 40
40 90
90 73
73 82
82 40
40 82
82 72
72 82
82 72
72 82
82 105
105 82
82 137
137 82
82 105
105 82
82 105
105 82
82 73
73 82
82 137
137 82
82 137
137 82
82 138
138 82
82 138
138 82
82 106
106 82
82 137
137 82
82 137
137 82
82 105
105 82
82 105
105 82
82 105
105 82
82 105
105 82
82 105
105 82
82 105
105 82
82 105
105 82
82 105
105 82
82 105
105 82
82 105
105 82
82 105
105 82
82 138
138 82
82 105
105 82
82 105
105 90
90 73
73 82
82 72
72 82
82 104
104 82
82 104
104 74
74 104
104 82
82 136
136 82
82 104
104 90
90 105
105 90
90 105
105 90
90 137
137 90
90 138
138 82
82 105
105 82
82 137
137 82
82 137
137 82
82 105
105 82
82 105
105 82
82 105
105 82
82 105
105 82
82 105
105 90
90 137
137 90
90 105
105 82
82 73
73 82
82 105
105 82
82 105
105 82
82 105
105 82
82 136
136 82
82 137
137 82
82 137
137 82
END_IMAGE:
NEW_IMAGE:
0 227
227 0
0 227
227 0
0 227
227 1
1 3
3 1
1 3
3 1
1 3
3 1
1 3
3 9
9 4
4 9
9 4
4 9
9 4
4 9
9 4
4 9
9 36
36 1
1 36
36 1
1 68
68 1
1 68
68 1
1 68
68 1
1 68
68 1
1 69
69 1
1 68
68 1
1 36
36 1
1 36
36 1
1 69
69 1
1 69
69 9
9 69
69 9
9 69
69 9
9 37
37 9
9 69
69 9
9 36
36 9
9 69
69 9
9 5
5 9
9 36
36 1
1 3
3 9
9 4
4 9
9 4
4 8
8 227
227 8
8 227
227 9
9 4
4 1
1 4
4 1
1 3
3 1
1 3
3 1
1 3
3 1
1 3
3 8
8 227
227 9
9 4
4 9
9 3
3 9
9 3
3 9
9 3
3 16
16 227
227 16
16 227
227 8
8 227
227 8
8 227
227 8
8 227
227 9
9 4
4 9
9 3
3 1
1 36
36 9
9 4
4 9
9 4
4 9
9 3
3 9
9 3
3 9
9 4
4 17
17 4
4 17
17 3
3 17
17 36
36 8
8 227
227 17
17 4
4 9
9 36
36 9
9 36
36 1
1 68
68 9
9 36
36 9
9 36
36 17
17 36
36 9
9 36
36 17
17 68
68 17
17 68
68 17
17 36
36 9
9 37
37 9
9 69
69 9
9 69
69 9
9 69
69 9
9 101
101 9
9 69
69 9
9 68
68 17
17 69
69 17
17 69
69 25
25 36
36 17
17 36
36 17
17 36
36 9
9 69
69 9
9 68
68 9
9 35
35 17
17 68
68 17
17 70
70 9
9 102
102 9
9 70
70 17
17 167
167 9
9 102
102 17
17 135
135 17
17 167
167 25
25 199
199 25
25 231
231 25
25 200
200 34
34 9
9 18
18 74
74 10
10 171
171 18
18 171
171 34
34 139
139 26
26 105
105 42
42 106
106 42
42 138
138 34
34 137
137 26
26 137
137 26
26 234
234 18
18 234
234 10
10 202
202 18
18 236
236 10
10 204
204 10
10 237
237 10
10 205
205 18
18 205
205 10
10 204
204 10
10 237
237 10
10 237
237 2
2 237
237 10
10 237
237 10
10 205
205 10
10 237
237 3
3 13
13 18
18 237
237 34
34 173
173 50
50 109
109 74
74 106
106 74
74 105
105 82
82 40
40 82
82 40
40 90
90 40
40 90
90 40
40 90
90 39
39 90
90 40
40 90
90 39
39 90
90 39
39 90
90 39
39 98
98 7
7 98
98 7
7 97
97 230
230 97
97 198
198 97
97 230
230 97
97 198
198 97
97 198
198 97
97 198
198 97
97 198
198 97
97 166
166 105
105 166
166 97
97 198
198 89
89 197
197 97
97 198
198 97
97 166
166 105
105 166
166 105
105 165
165 105
105 197
197 97
97 197
197 105
105 229
229 97
97 197
197 105
105 197
197 105
105 229
229 105
105 229
229 106
106 5
5 105
105 229
229 105
105 230
230 105
105 198
198 105
105 198
198 113
113 198
198 113
113 197
197 113
113 198
198 113
113 166
166 113
113 166
166 113
113 166
166 113
113 166
166 113
113 134
134 121
121 134
134 113
113 134
134 113
113 134
134 113
113 166
166 113
113 166
166 113
113 166
166 113
113 198
198 113
113 166
166 113
113 166
166 113
113 198
198 121
121 230
230 121
121 198
198 121
121 197
197 121
121 197
197 121
121 197
197 121
121 198
198 121
121 198
198 121
121 198
198 121
121 198
198 129
129 166
166 129
129 166
166 129
129 166
166 121
121 166
166 129
129 167
167 137
137 166
166 137
137 166
166 137
137 166
166 137
137 167
167 129
129 198
198 129
129 199
199 137
137 199
199 137
137 198
198 137
137 230
230 137
137 197
197 137
137 229
229 137
137 197
197 145
145 197
197 137
137 229
229 137
137 230
230 138
138 7
7 138
138 7
7 138
138 7
7 138
138 7
7 129
129 230
230 137
137 231
231 137
137 231
231 138
138 7
7 129
129 230
230 138
138 38
38 146
146 70
70 146
146 70
70 146
146 38
38 146
146 38
38 146
146 39
39 146
146 39
39 146
146 6
6 146
146 38
38 154
154 6
6 154
154 7
7 154
154 7
7 146
146 7
7 154
154 39
39 154
154 7
7 154
154 7
7 154
154 39
39 154
154 7
7 154
154 6
6 146
146 6
6 154
154 39
39 146
146 39
39 154
154 71
71 146
146 71
71 154
154 103
103 154
154 104
104 154
154 104
104 162
162 72
72 162
162 104
104 162
162 104
104 162
162 105
105 162
162 137
137 162
162 72
72 162
162 105
105 162
162 105
105 162
162 105
105 162
162 105
105 162
162 105
105 170
170 105
105 162
162 105
105 162
162 105
105 170
170 105
105 170
170 105
105 170
170 105
105 170
170 73
73 170
170 73
73 170
170 73
73 170
170 105
105 170
170 73
73 170
170 73
73 170
170 104
104 170
170 104
104 170
170 137
137 170
170 106
106 170
170 138
138 170
170 138
138 162
162 138
138 170
170 138
138 170
170 170
170 162
162 137
137 170
170 170
170 170
170 170
170 170
170 202
202 170
170 170
170 170
170 170
170 178
178 202
202 178
178 202
202 178
178 235
235 178
178 235
235 178
178 235
235 178
178 234
234 178
178 234
234 178
178 202
202 178
178 202
202 178
178 234
234 178
178 234
234 179
179 11
11 179
179 11
11 179
179 11
11 178
178 235
235 178
178 235
235 178
178 236
236 178
178 204
204 178
178 172
172 186
186 205
205 178
178 204
204 178
178 235
235 179
179 10
10 179
179 43
43 187
187 76
76 187
187 76
76 187
187 77
77 195
195 109
109 187
187 108
108 187
END_IMAGE:
NEW_IMAGE:
99 77
77 99
99 77
77 107
107 109
109 99
99 109
109 107
107 141
141 107
107 142
142 107
107 142
142 107
107 109
109 107
107 109
109 107
107 109
109 107
107 142
142 115
115 142
142 115
115 142
142 115
115 142
142 115
115 142
142 115
115 142
142 115
115 142
142 115
115 142
142 115
115 142
142 115
115 142
142 115
115 174
174 115
115 174
174 115
115 174
174 115
115 174
174 115
115 174
174 115
115 174
174 115
115 174
174 107
107 142
142 115
115 206
206 115
115 174
174 115
115 174
174 115
115 206
206 115
115 174
174 115
115 174
174 123
123 174
174 123
123 174
174 123
123 174
174 123
123 174
174 123
123 174
174 123
123 174
174 123
123 174
174 123
123 207
207 123
123 207
207 123
123 207
207 123
123 207
207 123
123 207
207 123
123 207
207 123
123 207
207 123
123 207
207 131
131 239
239 123
123 239
239 123
123 239
239 123
123 239
239 123
123 239
239 123
123 239
239 123
123 239
239 132
132 16
16 123
123 239
239 123
123 239
239 123
123 239
239 131
131 239
239 123
123 239
239 131
131 239
239 123
123 239
239 132
132 15
15 132
132 16
16 132
132 16
16 132
132 16
16 132
132 16
16 132
132 16
16 132
132 16
16 132
132 16
16 132
132 16
16 132
132 16
16 132
132 16
16 132
132 16
16 132
132 48
48 132
132 48
48 132
132 16
16 132
132 16
16 132
132 16
16 132
132 16
16 132
132 16
16 132
132 16
16 132
132 48
48 132
132 16
16 132
132 16
16 132
132 16
16 132
132 16
16 132
132 48
48 132
132 16
16 140
140 17
17 132
132 49
49 140
140 49
49 132
132 48
48 132
132 48
48 132
132 48
48 132
132 48
48 132
132 48
48 132
132 49
49 132
132 48
48 132
132 48
48 132
132 48
48 132
132 48
48 132
132 48
48 132
132 48
48 132
132 48
48 140
140 49
49 140
140 17
17 132
132 16
16 140
140 17
17 140
140 16
16 132
132 48
48 140
140 49
49 140
140 49
49 140
140 49
49 140
140 49
49 140
140 49
49 140
140 49
49 140
140 49
49 140
140 49
49 140
140 49
49 140
140 49
49 140
140 81
81 140
140 49
49 140
140 49
49 140
140 49
49 140
140 49
49 140
140 49
49 140
140 49
49 140
140 81
81 140
140 49
49 140
140 48
48 140
140 48
48 140
140 48
48 140
140 49
49 140
140 48
48 132
132 16
16 140
140 49
49 140
140 17
17 140
140 49
49 140
140 17
17 140
140 49
49 140
140 49
49 140
140 49
49 140
140 49
49 140
140 49
49 140
140 49
49 140
140 81
81 140
140 17
17 148
148 17
17 148
148 17
17 148
148 17
17 148
148 17
17 140
140 17
17 140
140 49
49 140
140 49
49 140
140 49
49 140
140 48
48 140
140 49
49 140
140 49
49 140
140 49
49 140
140 49
49 140
140 49
49 140
140 49
49 140
140 49
49 140
140 49
49 140
140 49
49 140
140 49
49 140
140 49
49 140
140 49
49 140
140 49
49 140
140 49
49 140
140 49
49 140
140 49
49 140
140 49
49 140
140 49
49 140
140 49
49 140
140 81
81 140
140 49
49 140
140 49
49 140
140 81
81 140
140 49
49 140
140 49
49 140
140 49
49 140
140 49
49 140
140 49
49 140
140 49
49 140
140 49
49 140
140 17
17 140
140 81
81 140
140 49
49 140
140 81
81 140
140 49
49 140
140 81
81 140
140 49
49 140
140 81
81 140
140 81
81 140
140 49
49 140
140 81
81 140
140 49
49 140
140 49
49 140
140 49
49 148
148 49
49 148
148 49
49 148
148 49
49 140
140 49
49 140
140 49
49 140
140 49
49 140
140 81
81 140
140 49
49 140
140 49
49 140
140 49
49 140
140 49
49 140
140 49
49 140
140 49
49 140
140 49
49 140
140 49
49 140
140 17
17 140
140 49
49 140
140 49
49 132
132 49
49 132
132 48
48 132
132 48
48 132
132 16
16 132
132 16
16 132
132 16
16 140
140 49
49 132
132 17
17 132
132 49
49 140
140 17
17 132
132 17
17 132
132 17
17 132
132 17
17 132
132 16
16 132
132 16
16 132
132 48
48 132
132 16
16 132
132 48
48 132
132 16
16 132
132 16
16 132
132 16
16 132
132 16
16 131
131 240
240 131
131 239
239 132
132 16
16 123
123 207
207 123
123 144
144 115
115 47
47 107
107 15
15 90
90 203
203 65
65 231
231 41
41 4
4 32
32 195
195 32
32 228
228 24
24 195
195 32
32 195
195 32
32 195
195 24
24 163
163 24
24 195
195 24
24 195
195 24
24 163
163 24
24 194
194 24
24 195
195 24
24 163
163 24
24 195
195 24
24 195
195 24
24 195
195 24
24 195
195 24
24 163
163 24
24 194
194 24
24 194
194 24
24 194
194 24
24 195
195 24
24 195
195 24
24 163
163 24
24 195
195 24
24 195
195 24
24 195
195 24
24 163
163 24
24 195
195 24
24 195
195 24
24 195
195 24
24 195
195 32
32 162
162 32
32 162
162 32
32 162
162 32
32 162
162 32
32 194
194 24
24 162
162 32
32 162
162 32
32 130
130 24
24 162
162 24
24 162
162 32
32 130
130 24
24 130
130 24
24 130
130 24
24 130
130 24
24 129
129 24
24 129
129 24
24 129
129 16
16 129
129 24
24 129
129 24
24 129
129 24
24 129
129 16
16 129
129 16
16 129
129 16
16 97
97 16
16 97
97 16
16 96
96 16
16 129
129 16
16 97
97 16
16 129
129 16
16 97
97 16
16 97
97 16
16 97
97 16
16 129
129 8
8 97
97 8
8 129
129 16
16 97
97 16
END_IMAGE:
NEW_IMAGE:
25 4
4 25
25 35
35 33
33 36
36 33
33 4
4 33
33 36
36 33
33 4
4 33
33 36
36 33
33 36
36 33
33 36
36 33
33 36
36 41
41 36
36 33
33 4
4 33
33 36
36 33
33 36
36 33
33 36
36 33
33 36
36 33
33 36
36 33
33 36
36 33
33 36
36 33
33 36
36 33
33 36
36 33
33 36
36 41
41 69
69 41
41 36
36 41
41 36
36 41
41 68
68 33
33 68
68 33
33 36
36 33
33 68
68 33
33 68
68 41
41 36
36 41
41 68
68 41
41 68
68 41
41 68
68 41
41 68
68 41
41 68
68 41
41 68
68 41
41 69
69 41
41 68
68 41
41 68
68 41
41 69
69 41
41 68
68 41
41 69
69 41
41 69
69 41
41 69
69 41
41 69
69 49
49 69
69 49
49 69
69 49
49 101
101 49
49 101
101 49
49 101
101 49
49 101
101 49
49 101
101 49
49 101
101 49
49 133
133 49
49 134
134 49
49 134
134 49
49 166
166 41
41 134
134 41
41 69
69 49
49 4
4 41
41 3
3 33
33 2
2 33
33 2
2 32
32 227
227 40
40 227
227 49
49 3
3 41
41 35
35 41
41 68
68 49
49 165
165 49
49 166
166 49
49 166
166 57
57 166
166 66
66 8
8 65
65 231
231 66
66 7
7 66
66 7
7 74
74 72
72 74
74 72
72 74
74 105
105 74
74 73
73 74
74 73
73 74
74 105
105 74
74 73
73 74
74 73
73 74
74 73
73 74
74 73
73 74
74 73
73 82
82 105
105 82
82 73
73 82
82 105
105 82
82 73
73 74
74 73
73 74
74 105
105 74
74 105
105 74
74 105
105 74
74 105
105 74
74 105
105 74
74 105
105 82
82 105
105 82
82 105
105 74
74 105
105 74
74 105
105 74
74 105
105 74
74 105
105 74
74 105
105 82
82 105
105 82
82 73
73 82
82 106
106 82
82 106
106 74
74 105
105 74
74 105
105 74
74 105
105 82
82 105
105 82
82 105
105 82
82 105
105 82
82 137
137 74
74 105
105 82
82 138
138 74
74 105
105 82
82 138
138 74
74 105
105 82
82 106
106 82
82 106
106 82
82 106
106 82
82 106
106 82
82 106
106 82
82 106
106 82
82 138
138 82
82 138
138 82
82 138
138 82
82 138
138 82
82 138
138 82
82 106
106 82
82 138
138 82
82 138
138 82
82 138
138 82
82 138
138 82
82 138
138 82
82 138
138 82
82 138
138 82
82 138
138 90
90 138
138 90
90 138
138 90
90 138
138 90
90 138
138 82
82 138
138 82
82 106
106 90
90 170
170 90
90 138
138 90
90 170
170 82
82 138
138 90
90 170
170 90
90 170
170 82
82 170
170 82
82 170
170 82
82 170
170 90
90 170
170 90
90 170
170 90
90 170
170 90
90 170
170 90
90 170
170 90
90 170
170 98
98 170
170 90
90 138
138 90
90 138
138 90
90 138
138 90
90 138
138 90
90 170
170 90
90 170
170 90
90 170
170 90
90 170
170 90
90 170
170 90
90 170
170 90
90 203
203 98
98 170
170 98
98 170
170 90
90 170
170 90
90 170
170 90
90 170
170 90
90 170
170 90
90 170
170 90
90 202
202 90
90 203
203 90
90 203
203 90
90 171
171 90
90 170
170 98
98 171
171 98
98 171
171 90
90 170
170 90
90 203
203 90
90 203
203 90
90 170
170 90
90 203
203 90
90 203
203 90
90 203
203 90
90 203
203 90
90 203
203 90
90 203
203 90
90 203
203 90
90 203
203 90
90 203
203 90
90 203
203 98
98 171
171 98
98 203
203 98
98 203
203 98
98 203
203 98
98 203
203 98
98 203
203 98
98 171
171 98
98 203
203 98
98 203
203 98
98 203
203 98
98 202
202 98
98 235
235 98
98 235
235 98
98 235
235 98
98 235
235 90
90 235
235 98
98 235
235 98
98 235
235 90
90 203
203 98
98 203
203 98
98 203
203 98
98 203
203 98
98 203
203 98
98 235
235 98
98 235
235 98
98 235
235 98
98 235
235 98
98 235
235 98
98 235
235 98
98 235
235 98
98 235
235 98
98 235
235 98
98 235
235 98
98 235
235 98
98 235
235 98
98 235
235 98
98 236
236 107
107 12
12 106
106 236
236 106
106 236
236 98
98 235
235 106
106 236
236 106
106 204
204 98
98 236
236 98
98 236
236 107
107 12
12 98
98 236
236 99
99 12
12 99
99 12
12 98
98 235
235 98
98 235
235 98
98 236
236 99
99 12
12 99
99 12
12 99
99 12
12 99
99 11
11 99
99 11
11 106
106 235
235 106
106 235
235 106
106 236
236 106
106 236
236 106
106 236
236 107
107 12
12 99
99 12
12 99
99 12
12 107
107 12
12 107
107 12
12 99
99 12
12 99
99 12
12 99
99 12
12 107
107 12
12 107
107 12
12 107
107 12
12 106
106 236
236 106
106 236
236 107
107 12
12 107
107 12
12 107
107 12
12 107
107 12
12 107
107 12
12 107
107 12
12 107
107 12
12 107
107 12
12 107
107 12
12 107
107 12
12 107
107 12
12 107
107 12
12 107
107 12
12 107
107 12
12 107
107 12
12 107
107 12
12 107
107 12
12 107
107 12
12 107
107 12
12 107
107 12
12 107
107 12
12 107
107 12
12 107
107 12
12 107
107 12
12 107
107 12
12 107
107 44
44 107
107 44
44 107
107 12
12 99
99 12
12 107
107 12
12 107
107 12
12 107
107 12
12 107
107 12
12 107
107 12
12 107
107 44
44 107
107 44
44 107
107 44
44 107
107 44
44 107
107 44
44 107
107 12
12 107
107 44
44 107
107 44
44 107
END_IMAGE:
NEW_IMAGE:
24 227
227 24
24 227
227 24
24 227
227 24
24 227
227 25
25 3
3 24
24 227
227 24
24 227
227 16
16 195
195 16
16 162
162 24
24 195
195 24
24 195
195 24
24 194
194 24
24 194
194 24
24 194
194 33
33 35
35 41
41 100
100 49
49 100
100 41
41 101
101 49
49 132
132 41
41 133
133 49
49 165
165 49
49 165
165 49
49 133
133 49
49 133
133 49
49 133
133 49
49 165
165 49
49 133
133 49
49 133
133 49
49 133
133 49
49 165
165 49
49 165
165 49
49 133
133 49
49 164
164 49
49 164
164 57
57 132
132 49
49 164
164 49
49 165
165 49
49 166
166 49
49 166
166 32
32 226
226 32
32 161
161 41
41 68
68 49
49 133
133 49
49 132
132 49
49 132
132 49
49 165
165 41
41 133
133 49
49 69
69 48
48 228
228 41
41 35
35 57
57 100
100 65
65 198
198 57
57 166
166 57
57 165
165 57
57 165
165 57
57 165
165 57
57 197
197 57
57 166
166 57
57 166
166 57
57 198
198 57
57 198
198 57
57 198
198 57
57 198
198 57
57 197
197 57
57 197
197 57
57 230
230 57
57 197
197 57
57 197
197 65
65 197
197 57
57 197
197 57
57 197
197 57
57 198
198 57
57 198
198 57
57 198
198 57
57 198
198 57
57 198
198 65
65 197
197 65
65 197
197 65
65 197
197 65
65 197
197 65
65 197
197 65
65 197
197 65
65 198
198 65
65 198
198 65
65 198
198 65
65 198
198 65
65 197
197 65
65 197
197 65
65 197
197 65
65 197
197 65
65 198
198 65
65 197
197 65
65 198
198 65
65 198
198 73
73 198
198 65
65 198
198 65
65 198
198 65
65 198
198 57
57 230
230 65
65 198
198 65
65 198
198 65
65 198
198 65
65 198
198 65
65 230
230 65
65 198
198 65
65 198
198 65
65 198
198 65
65 198
198 65
65 198
198 65
65 198
198 65
65 198
198 65
65 198
198 65
65 198
198 65
65 230
230 65
65 230
230 65
65 230
230 65
65 230
230 65
65 198
198 65
65 198
198 65
65 198
198 65
65 198
198 65
65 198
198 65
65 198
198 73
73 198
198 65
65 229
229 65
65 229
229 65
65 229
229 65
65 230
230 65
65 229
229 65
65 229
229 65
65 229
229 73
73 230
230 73
73 230
230 65
65 197
197 65
65 197
197 65
65 230
230 65
65 230
230 65
65 230
230 65
65 230
230 65
65 230
230 65
65 230
230 65
65 230
230 65
65 230
230 65
65 230
230 65
65 230
230 65
65 230
230 65
65 198
198 65
65 230
230 65
65 230
230 65
65 230
230 65
65 230
230 65
65 230
230 73
73 198
198 73
73 198
198 73
73 198
198 73
73 230
230 73
73 198
198 73
73 230
230 73
73 230
230 65
65 230
230 65
65 230
230 73
73 230
230 73
73 230
230 65
65 230
230 66
66 6
6 65
65 230
230 73
73 197
197 73
73 197
197 73
73 197
197 73
73 198
198 65
65 229
229 65
65 229
229 73
73 229
229 73
73 230
230 73
73 230
230 73
73 229
229 73
73 230
230 73
73 197
197 81
81 198
198 73
73 197
197 65
65 197
197 65
65 230
230 65
65 198
198 65
65 230
230 65
65 230
230 65
65 231
231 65
65 231
231 57
57 231
231 57
57 199
199 57
57 199
199 57
57 167
167 57
57 167
167 57
57 167
167 49
49 102
102 49
49 166
166 49
49 166
166 49
49 134
134 49
49 166
166 49
49 133
133 49
49 166
166 49
49 133
133 49
49 133
133 49
49 134
134 41
41 101
101 49
49 134
134 49
49 166
166 57
57 134
134 49
49 101
101 41
41 69
69 49
49 102
102 41
41 101
101 41
41 101
101 49
49 101
101 41
41 101
101 41
41 101
101 41
41 101
101 41
41 133
133 41
41 133
133 41
41 133
133 41
41 134
134 41
41 133
133 41
41 101
101 49
49 101
101 41
41 101
101 41
41 101
101 49
49 134
134 41
41 101
101 41
41 101
101 41
41 101
101 41
41 101
101 49
49 134
134 41
41 101
101 41
41 101
101 41
41 101
101 49
49 133
133 41
41 101
101 41
41 101
101 49
49 101
101 49
49 101
101 49
49 101
101 41
41 101
101 49
49 101
101 49
49 101
101 49
49 101
101 49
49 101
101 49
49 101
101 49
49 101
101 41
41 101
101 49
49 133
133 49
49 101
101 65
65 102
102 65
65 165
165 65
65 231
231 74
74 73
73 74
74 40
40 74
74 8
8 74
74 73
73 82
82 73
73 82
82 73
73 82
82 73
73 82
82 73
73 82
82 73
73 82
82 73
73 82
82 73
73 82
82 73
73 82
82 73
73 82
82 74
74 82
82 74
74 82
82 74
74 82
82 73
73 82
82 105
105 82
82 105
105 82
82 105
105 82
82 106
106 82
82 106
106 82
82 74
74 82
82 105
105 82
82 105
105 82
82 73
73 82
82 106
106 82
82 106
106 82
82 106
106 74
74 105
105 82
82 106
106 82
82 106
106 82
82 74
74 82
82 74
74 82
82 41
41 82
82 74
74 82
82 74
74 82
82 106
106 82
82 106
106 82
82 106
106 82
82 106
106 82
82 106
106 82
82 106
106 82
82 106
106 82
82 106
106 82
82 106
106 82
82 106
106 82
82 106
106 82
82 106
106 82
82 106
106 90
90 74
74 90
90 106
106 82
82 74
74 82
82 106
106 82
82 106
106 82
82 106
106 82
82 106
106 82
82 106
106 82
82 106
106 82
82 106
106 82
82 106
106 82
82 106
106 82
82 138
138 74
74 138
138 82
82 106
106 82
82 106
106 82
82 138
138 82
END_IMAGE:
NEW_IMAGE:
41 134
134 41
41 134
134 49
49 102
102 49
49 102
102 49
49 134
134 49
49 134
134 49
49 134
134 49
49 134
134 49
49 134
134 49
49 134
134 49
49 134
134 49
49 134
134 49
49 134
134 49
49 134
134 49
49 166
166 49
49 166
166 49
49 166
166 49
49 166
166 57
57 167
167 49
49 166
166 57
57 134
134 57
57 166
166 57
57 167
167 57
57 167
167 57
57 167
167 57
57 167
167 57
57 167
167 57
57 167
167 57
57 167
167 49
49 167
167 49
49 166
166 49
49 166
166 49
49 166
166 49
49 167
167 49
49 166
166 41
41 167
167 41
41 134
134 41
41 103
103 33
33 6
6 24
24 163
163 24
24 131
131 24
24 164
164 24
24 196
196 24
24 164
164 24
24 164
164 24
24 163
163 24
24 163
163 16
16 195
195 24
24 164
164 24
24 196
196 24
24 227
227 24
24 228
228 24
24 227
227 24
24 227
227 33
33 4
4 33
33 4
4 33
33 36
36 33
33 36
36 33
33 37
37 33
33 5
5 41
41 37
37 41
41 69
69 41
41 69
69 41
41 69
69 41
41 101
101 41
41 101
101 41
41 101
101 41
41 102
102 41
41 101
101 41
41 101
101 41
41 102
102 41
41 101
101 41
41 134
134 41
41 102
102 41
41 102
102 41
41 134
134 49
49 134
134 41
41 134
134 49
49 134
134 49
49 166
166 49
49 166
166 49
49 166
166 49
49 166
166 49
49 135
135 49
49 135
135 49
49 134
134 49
49 134
134 49
49 134
134 49
49 134
134 49
49 134
134 49
49 167
167 49
49 135
135 49
49 135
135 49
49 135
135 57
57 135
135 57
57 167
167 49
49 167
167 49
49 167
167 49
49 167
167 49
49 167
167 57
57 199
199 49
49 167
167 57
57 167
167 49
49 199
199 49
49 231
231 49
49 199
199 57
57 199
199 57
57 200
200 57
57 199
199 57
57 199
199 57
57 199
199 57
57 200
200 57
57 200
200 57
57 200
200 65
65 199
199 57
57 200
200 65
65 232
232 57
57 199
199 57
57 232
232 57
57 232
232 57
57 232
232 57
57 232
232 57
57 232
232 58
58 8
8 65
65 232
232 65
65 233
233 66
66 9
9 66
66 9
9 66
66 9
9 74
74 9
9 74
74 9
9 74
74 9
9 74
74 41
41 74
74 73
73 74
74 74
74 82
82 106
106 82
82 106
106 82
82 138
138 82
82 138
138 82
82 106
106 90
90 139
139 90
90 140
140 90
90 139
139 82
82 75
75 82
82 75
75 82
82 73
73 82
82 106
106 82
82 7
7 106
106 169
169 140
140 113
113 140
140 146
146 115
115 176
176 74
74 75
75 49
49 102
102 57
57 135
135 65
65 70
70 57
57 134
134 57
57 133
133 66
66 7
7 90
90 170
170 90
90 138
138 90
90 41
41 90
90 41
41 98
98 74
74 90
90 73
73 82
82 105
105 74
74 105
105 66
66 8
8 66
66 8
8 57
57 198
198 74
74 40
40 82
82 73
73 98
98 106
106 90
90 105
105 90
90 105
105 90
90 72
72 98
98 137
137 106
106 236
236 115
115 44
44 106
106 235
235 90
90 138
138 90
90 72
72 82
82 7
7 82
82 7
7 82
82 7
7 73
73 231
231 73
73 231
231 74
74 8
8 74
74 8
8 73
73 231
231 74
74 7
7 81
81 231
231 81
81 231
231 73
73 230
230 73
73 231
231 65
65 198
198 65
65 197
197 65
65 197
197 73
73 165
165 65
65 166
166 57
57 166
166 49
49 166
166 57
57 134
134 57
57 166
166 49
49 166
166 49
49 167
167 49
49 167
167 41
41 70
70 41
41 37
37 41
41 69
69 49
49 69
69 49
49 69
69 49
49 69
69 49
49 69
69 49
49 101
101 41
41 69
69 49
49 102
102 57
57 167
167 65
65 199
199 82
82 72
72 82
82 40
40 74
74 40
40 82
82 105
105 82
82 41
41 90
90 106
106 82
82 41
41 90
90 105
105 90
90 106
106 90
90 138
138 82
82 106
106 90
90 138
138 90
90 138
138 90
90 106
106 90
90 138
138 90
90 138
138 98
98 170
170 90
90 170
170 90
90 170
170 90
90 171
171 98
98 171
171 98
98 171
171 98
98 171
171 98
98 203
203 98
98 171
171 98
98 171
171 98
98 203
203 98
98 236
236 99
99 12
12 98
98 236
236 98
98 236
236 98
98 236
236 99
99 12
12 99
99 12
12 98
98 236
236 106
106 236
236 98
98 236
236 99
99 12
12 107
107 45
45 99
99 13
13 107
107 45
45 99
99 12
12 107
107 12
12 106
106 236
236 107
107 13
13 107
107 13
13 107
107 13
13 99
99 13
13 99
99 13
13 107
107 13
13 98
98 236
236 98
98 236
236 98
98 236
236 98
98 236
236 98
98 236
236 98
98 204
204 98
98 204
204 98
98 236
236 98
98 204
204 98
98 204
204 90
90 203
203 98
98 236
236 90
90 203
203 90
90 171
171 90
90 203
203 90
90 171
171 90
90 139
139 90
90 171
171 90
90 139
139 98
98 139
139 98
98 171
171 90
90 138
138 90
90 138
138 82
82 171
171 90
90 171
171 90
90 171
171 90
90 170
170 90
90 170
170 82
82 138
138 90
90 138
138 90
90 138
138 90
90 138
138 90
90 138
138 90
90 138
138 90
90 139
139 82
82 170
170 82
82 170
170 82
82 138
138 90
90 138
138 90
90 139
139 90
90 139
139 90
90 171
171 90
90 139
139 90
90 171
171 90
90 139
139 90
90 139
139 90
90 139
139 90
90 139
139 90
90 170
170 90
90 170
170 90
90 170
170 90
END_IMAGE:
NEW_IMAGE:
24 195
195 24
24 195
195 24
24 195
195 16
16 195
195 16
16 227
227 24
24 195
195 24
24 194
194 24
24 195
195 24
24 195
195 24
24 195
195 24
24 227
227 24
24 195
195 24
24 195
195 24
24 195
195 24
24 227
227 24
24 228
228 24
24 227
227 24
24 227
227 24
24 227
227 24
24 227
227 25
25 3
3 24
24 227
227 24
24 227
227 24
24 227
227 24
24 227
227 24
24 227
227 24
24 227
227 24
24 227
227 33
33 3
3 33
33 3
3 33
33 4
4 33
33 4
4 33
33 4
4 33
33 3
3 32
32 227
227 33
33 4
4 33
33 4
4 33
33 4
4 33
33 4
4 33
33 4
4 33
33 4
4 25
25 4
4 25
25 4
4 25
25 4
4 33
33 4
4 25
25 4
4 25
25 4
4 25
25 5
5 25
25 4
4 33
33 5
5 33
33 4
4 33
33 4
4 33
33 5
5 33
33 5
5 33
33 5
5 33
33 5
5 33
33 5
5 33
33 5
5 33
33 36
36 25
25 36
36 33
33 36
36 33
33 36
36 33
33 37
37 33
33 37
37 33
33 37
37 33
33 37
37 33
33 37
37 33
33 37
37 41
41 38
38 33
33 38
38 33
33 70
70 33
33 38
38 41
41 70
70 33
33 70
70 41
41 70
70 41
41 70
70 41
41 70
70 41
41 70
70 41
41 102
102 41
41 102
102 41
41 102
102 41
41 103
103 41
41 103
103 33
33 103
103 41
41 103
103 33
33 103
103 41
41 71
71 33
33 36
36 33
33 37
37 33
33 5
5 33
33 5
5 33
33 5
5 33
33 5
5 33
33 4
4 33
33 37
37 33
33 4
4 33
33 4
4 33
33 4
4 33
33 36
36 33
33 4
4 41
41 36
36 33
33 36
36 33
33 36
36 41
41 69
69 33
33 69
69 41
41 69
69 49
49 69
69 49
49 134
134 49
49 167
167 49
49 167
167 49
49 134
134 41
41 69
69 41
41 4
4 41
41 36
36 41
41 4
4 49
49 36
36 41
41 36
36 49
49 36
36 49
49 36
36 49
49 3
3 49
49 3
3 49
49 3
3 48
48 226
226 40
40 160
160 40
40 193
193 32
32 194
194 32
32 194
194 32
32 226
226 40
40 194
194 32
32 194
194 32
32 162
162 24
24 130
130 32
32 163
163 24
24 130
130 24
24 162
162 16
16 162
162 24
24 194
194 16
16 65
65 24
24 98
98 16
16 130
130 16
16 162
162 16
16 162
162 24
24 98
98 16
16 163
163 16
16 162
162 16
16 163
163 16
16 162
162 16
16 162
162 24
24 129
129 32
32 194
194 16
16 130
130 24
24 65
65 32
32 97
97 24
24 65
65 32
32 97
97 32
32 129
129 32
32 130
130 32
32 130
130 24
24 130
130 24
24 130
130 16
16 162
162 24
24 162
162 24
24 129
129 32
32 130
130 24
24 98
98 32
32 130
130 16
16 130
130 32
32 131
131 40
40 131
131 32
32 194
194 24
24 194
194 24
24 227
227 24
24 227
227 24
24 227
227 32
32 227
227 32
32 227
227 32
32 227
227 32
32 227
227 32
32 194
194 24
24 194
194 8
8 162
162 8
8 98
98 16
16 130
130 16
16 130
130 16
16 195
195 24
24 228
228 33
33 4
4 33
33 37
37 17
17 37
37 17
17 37
37 24
24 229
229 24
24 229
229 33
33 5
5 25
25 38
38 25
25 70
70 24
24 163
163 24
24 99
99 24
24 98
98 32
32 98
98 16
16 97
97 24
24 162
162 25
25 6
6 8
8 230
230 16
16 198
198 24
24 196
196 32
32 130
130 40
40 66
66 56
56 33
33 64
64 33
33 72
72 32
32 96
96 33
33 104
104 66
66 88
88 65
65 72
72 128
128 64
64 225
225 57
57 3
3 49
49 34
34 41
41 100
100 41
41 101
101 33
33 4
4 24
24 227
227 24
24 129
129 24
24 162
162 16
16 129
129 24
24 162
162 24
24 161
161 40
40 193
193 56
56 226
226 72
72 162
162 88
88 99
99 88
88 34
34 88
88 131
131 96
96 98
98 96
96 99
99 80
80 131
131 72
72 162
162 73
73 37
37 57
57 200
200 90
90 138
138 82
82 40
40 82
82 7
7 82
82 7
7 82
82 7
7 82
82 7
7 82
82 7
7 74
74 7
7 74
74 7
7 74
74 7
7 82
82 7
7 82
82 39
39 74
74 39
39 82
82 7
7 82
82 39
39 82
82 39
39 82
82 40
40 82
82 39
39 82
82 39
39 82
82 39
39 82
82 39
39 90
90 40
40 90
90 40
40 90
90 8
8 82
82 40
40 90
90 40
40 82
82 40
40 82
82 40
40 82
82 40
40 82
82 40
40 82
82 40
40 82
82 40
40 82
82 72
72 82
82 72
72 82
82 72
72 82
82 72
72 82
82 72
72 82
82 72
72 90
90 72
72 82
82 72
72 82
82 72
72 82
82 72
72 82
82 72
72 82
82 72
72 82
82 72
72 82
82 72
72 82
82 72
72 82
82 72
72 90
90 72
72 90
90 72
72 82
82 40
40 81
81 230
230 90
90 39
39 123
123 77
77 114
114 171
171 90
90 73
73 82
82 8
8 89
89 231
231 90
90 8
8 81
81 230
230 82
82 8
8 98
98 106
106 115
115 44
44 123
123 141
141 123
123 140
140 123
123 75
75 57
57 199
199 66
66 8
8 123
123 174
174 131
131 239
239 123
123 142
142 123
123 174
174 123
123 142
142 131
131 175
175 131
131 174
174 131
131 142
142 131
131 174
174 131
131 174
174 131
131 175
175 131
131 142
142 131
131 174
174 123
123 142
142 131
END_IMAGE:
NEW_IMAGE:
98 237
237 99
99 14
14 90
90 237
237 99
99 44
44 91
91 45
45 91
91 13
13 99
99 77
77 99
99 77
77 99
99 12
12 90
90 203
203 82
82 170
170 74
74 72
72 57
57 231
231 41
41 101
101 25
25 4
4 16
16 162
162 24
24 195
195 32
32 195
195 24
24 162
162 24
24 194
194 24
24 194
194 24
24 194
194 24
24 162
162 24
24 163
163 24
24 163
163 24
24 163
163 24
24 162
162 32
32 131
131 32
32 131
131 32
32 163
163 32
32 163
163 24
24 195
195 32
32 163
163 40
40 163
163 32
32 131
131 32
32 163
163 40
40 195
195 32
32 228
228 33
33 4
4 33
33 4
4 33
33 4
4 40
40 194
194 40
40 226
226 25
25 3
3 99
99 77
77 165
165 152
152 173
173 185
185 157
157 22
22 148
148 213
213 148
148 213
213 148
148 213
213 148
148 181
181 148
148 212
212 141
141 87
87 133
133 153
153 156
156 245
245 107
107 145
145 90
90 203
203 74
74 41
41 74
74 9
9 66
66 8
8 65
65 231
231 49
49 134
134 32
32 226
226 49
49 134
134 66
66 237
237 75
75 79
79 83
83 145
145 91
91 48
48 74
74 173
173 66
66 139
139 58
58 40
40 58
58 8
8 57
57 198
198 49
49 133
133 49
49 132
132 49
49 133
133 57
57 133
133 57
57 101
101 65
65 132
132 65
65 68
68 57
57 100
100 57
57 101
101 49
49 100
100 49
49 100
100 49
49 100
100 49
49 132
132 49
49 132
132 57
57 100
100 49
49 100
100 49
49 100
100 49
49 68
68 49
49 68
68 49
49 68
68 49
49 67
67 49
49 35
35 49
49 35
35 49
49 35
35 49
49 35
35 49
49 35
35 41
41 35
35 41
41 35
35 41
41 35
35 41
41 35
35 41
41 3
3 41
41 35
35 40
40 227
227 49
49 3
3 41
41 3
3 49
49 34
34 49
49 35
35 49
49 68
68 49
49 100
100 49
49 166
166 49
49 166
166 41
41 36
36 40
40 227
227 32
32 226
226 40
40 226
226 40
40 226
226 32
32 226
226 40
40 194
194 32
32 194
194 32
32 194
194 32
32 163
163 32
32 163
163 32
32 195
195 24
24 163
163 32
32 131
131 32
32 131
131 32
32 130
130 24
24 130
130 24
24 162
162 32
32 130
130 24
24 162
162 32
32 161
161 32
32 129
129 32
32 162
162 24
24 129
129 24
24 129
129 24
24 162
162 24
24 162
162 32
32 194
194 32
32 162
162 32
32 194
194 32
32 194
194 32
32 226
226 32
32 194
194 32
32 226
226 40
40 193
193 40
40 193
193 40
40 226
226 40
40 226
226 40
40 225
225 40
40 226
226 40
40 226
226 40
40 226
226 41
41 2
2 40
40 226
226 40
40 226
226 40
40 226
226 40
40 226
226 40
40 226
226 40
40 226
226 40
40 226
226 40
40 226
226 48
48 226
226 40
40 226
226 49
49 3
3 40
40 227
227 41
41 3
3 40
40 226
226 40
40 226
226 40
40 226
226 40
40 226
226 40
40 226
226 40
40 226
226 40
40 226
226 40
40 194
194 40
40 226
226 32
32 226
226 32
32 226
226 40
40 226
226 41
41 2
2 32
32 226
226 32
32 227
227 32
32 227
227 32
32 226
226 32
32 227
227 32
32 227
227 32
32 227
227 32
32 227
227 32
32 226
226 24
24 195
195 24
24 227
227 24
24 227
227 32
32 227
227 32
32 195
195 40
40 163
163 32
32 194
194 32
32 195
195 32
32 194
194 32
32 226
226 32
32 194
194 32
32 227
227 32
32 195
195 32
32 195
195 32
32 195
195 32
32 194
194 32
32 194
194 32
32 194
194 32
32 227
227 32
32 195
195 32
32 195
195 32
32 195
195 24
24 226
226 32
32 227
227 32
32 227
227 32
32 226
226 24
24 226
226 32
32 227
227 32
32 226
226 32
32 226
226 32
32 195
195 32
32 194
194 32
32 194
194 32
32 194
194 32
32 226
226 24
24 226
226 24
24 226
226 24
24 226
226 24
24 227
227 32
32 227
227 24
24 195
195 32
32 195
195 32
32 195
195 32
32 195
195 32
32 163
163 32
32 162
162 24
24 162
162 32
32 195
195 24
24 195
195 32
32 195
195 32
32 162
162 24
24 195
195 24
24 227
227 41
41 101
101 58
58 8
8 49
49 199
199 49
49 165
165 57
57 198
198 91
91 12
12 82
82 203
203 82
82 172
172 82
82 171
171 82
82 172
172 82
82 171
171 82
82 238
238 90
90 203
203 74
74 73
73 41
41 102
102 24
24 130
130 32
32 162
162 32
32 226
226 32
32 227
227 32
32 195
195 32
32 195
195 32
32 195
195 32
32 194
194 32
32 194
194 32
32 194
194 32
32 195
195 24
24 194
194 32
32 195
195 24
24 194
194 24
24 194
194 24
24 194
194 24
24 194
194 32
32 194
194 32
32 195
195 32
32 195
195 32
32 195
195 32
32 227
227 40
40 194
194 16
16 163
163 33
33 4
4 74
74 40
40 82
82 171
171 82
82 106
106 74
74 74
74 82
82 74
74 82
82 106
106 82
82 106
106 82
82 138
138 82
82 138
138 82
82 106
106 82
82 138
138 82
82 138
138 82
82 138
138 82
82 138
138 82
82 138
138 82
82 138
138 90
90 170
170 90
90 202
202 90
90 235
235 90
90 171
171 90
90 203
203 90
90 171
171 90
90 203
203 98
98 203
203 98
98 203
203 90
90 235
235 90
90 235
235 98
98 236
236 106
106 236
236 98
98 236
236 99
99 12
12 99
99 12
12 99
99 12
12 99
99 44
44 107
END_IMAGE:
NEW_IMAGE:
32 229
229 32
32 228
228 33
33 5
5 41
41 5
5 41
41 5
5 33
33 37
37 41
41 69
69 41
41 37
37 41
41 69
69 41
41 102
102 41
41 70
70 41
41 70
70 41
41 103
103 41
41 72
72 41
41 104
104 41
41 72
72 41
41 104
104 33
33 103
103 41
41 103
103 41
41 69
69 41
41 69
69 41
41 69
69 33
33 5
5 41
41 37
37 41
41 5
5 41
41 5
5 41
41 5
5 40
40 229
229 41
41 38
38 41
41 6
6 41
41 6
6 49
49 7
7 41
41 6
6 41
41 39
39 41
41 39
39 41
41 38
38 49
49 38
38 41
41 37
37 41
41 37
37 33
33 37
37 33
33 37
37 33
33 4
4 33
33 37
37 41
41 37
37 41
41 37
37 33
33 5
5 41
41 37
37 41
41 37
37 41
41 7
7 41
41 7
7 41
41 104
104 33
33 104
104 49
49 136
136 49
49 137
137 49
49 136
136 49
49 136
136 49
49 136
136 41
41 104
104 41
41 103
103 41
41 102
102 41
41 102
102 41
41 101
101 41
41 101
101 41
41 101
101 41
41 70
70 41
41 70
70 49
49 38
38 49
49 38
38 49
49 38
38 41
41 70
70 41
41 70
70 41
41 102
102 41
41 167
167 49
49 167
167 49
49 167
167 49
49 168
168 57
57 202
202 57
57 201
201 57
57 202
202 57
57 203
203 57
57 203
203 57
57 203
203 57
57 235
235 57
57 235
235 57
57 202
202 57
57 170
170 49
49 169
169 49
49 136
136 49
49 136
136 49
49 137
137 49
49 136
136 49
49 167
167 49
49 136
136 49
49 103
103 57
57 104
104 49
49 104
104 49
49 104
104 49
49 103
103 49
49 104
104 57
57 104
104 49
49 104
104 57
57 136
136 57
57 136
136 57
57 170
170 57
57 202
202 49
49 170
170 49
49 234
234 49
49 234
234 57
57 170
170 57
57 202
202 57
57 169
169 57
57 201
201 57
57 202
202 57
57 202
202 57
57 202
202 57
57 235
235 49
49 235
235 57
57 235
235 57
57 170
170 57
57 202
202 49
49 170
170 49
49 138
138 49
49 137
137 49
49 135
135 49
49 135
135 49
49 135
135 41
41 166
166 41
41 134
134 49
49 134
134 41
41 102
102 49
49 102
102 49
49 70
70 41
41 69
69 49
49 101
101 41
41 69
69 41
41 69
69 41
41 69
69 41
41 69
69 41
41 70
70 41
41 70
70 41
41 102
102 41
41 70
70 41
41 70
70 41
41 102
102 33
33 102
102 33
33 102
102 41
41 102
102 41
41 70
70 41
41 102
102 41
41 102
102 41
41 70
70 41
41 71
71 41
41 102
102 41
41 102
102 41
41 102
102 41
41 102
102 33
33 102
102 41
41 103
103 41
41 71
71 41
41 71
71 41
41 70
70 49
49 102
102 41
41 70
70 49
49 134
134 41
41 102
102 49
49 102
102 49
49 102
102 49
49 102
102 41
41 102
102 49
49 102
102 49
49 102
102 49
49 102
102 49
49 134
134 41
41 102
102 49
49 134
134 49
49 134
134 49
49 134
134 49
49 134
134 49
49 134
134 49
49 134
134 49
49 102
102 49
49 103
103 41
41 102
102 49
49 103
103 49
49 103
103 49
49 103
103 49
49 102
102 49
49 102
102 49
49 102
102 49
49 134
134 49
49 134
134 49
49 134
134 41
41 134
134 41
41 134
134 41
41 134
134 41
41 103
103 41
41 134
134 41
41 102
102 49
49 134
134 49
49 102
102 41
41 103
103 41
41 103
103 49
49 103
103 49
49 103
103 49
49 103
103 49
49 103
103 49
49 103
103 49
49 103
103 49
49 103
103 49
49 102
102 49
49 102
102 49
49 134
134 49
49 70
70 49
49 102
102 49
49 103
103 41
41 102
102 49
49 134
134 49
49 134
134 57
57 134
134 49
49 102
102 49
49 134
134 49
49 102
102 49
49 135
135 49
49 135
135 57
57 102
102 57
57 134
134 57
57 135
135 57
57 135
135 57
57 167
167 57
57 199
199 57
57 232
232 65
65 135
135 81
81 232
232 73
73 133
133 90
90 41
41 148
148 48
48 206
206 24
24 239
239 94
94 222
222 219
219 222
222 187
187 222
222 187
187 222
222 220
220 231
231 28
28 230
230 252
252 230
230 253
253 230
230 253
253 222
222 220
220 214
214 155
155 222
222 155
155 214
214 155
155 214
214 187
187 222
222 187
187 222
222 219
219 222
222 187
187 214
214 90
90 198
198 24
24 198
198 25
25 198
198 24
24 214
214 89
89 222
222 220
220 231
231 28
28 239
239 61
61 231
231 29
29 231
231 29
29 231
231 28
28 230
230 252
252 222
222 252
252 230
230 252
252 214
214 123
123 197
197 249
249 206
206 26
26 222
222 187
187 230
230 252
252 239
239 94
94 239
239 62
62 231
231 29
29 231
231 29
29 231
231 29
29 231
231 29
29 239
239 61
61 222
222 219
219 214
214 154
154 197
197 216
216 189
189 216
216 197
197 250
250 198
198 24
24 214
214 122
122 230
230 189
189 230
230 220
220 230
230 252
252 239
239 60
60 247
247 94
94 247
247 94
94 247
247 127
127 239
239 61
61 214
214 154
154 197
197 249
249 189
189 216
216 198
198 57
57 230
230 221
221 230
230 252
252 239
239 61
61 231
231 61
61 239
239 158
158 223
223 28
28 214
214 219
219 181
181 182
182 148
148 145
145 123
123 174
174 98
98 171
171 115
115 44
44 139
139 108
108 155
155 108
108 147
147 172
172 147
147 173
173 140
140 15
15 107
107 77
77 90
90 171
171 98
98 236
236 90
90 170
170 90
END_IMAGE:
NEW_IMAGE:
99 109
109 99
99 109
109 99
99 109
109 99
99 109
109 99
99 174
174 99
99 109
109 107
107 141
141 107
107 142
142 107
107 142
142 107
107 142
142 107
107 142
142 107
107 142
142 115
115 142
142 115
115 174
174 115
115 174
174 115
115 174
174 115
115 175
175 115
115 175
175 115
115 207
207 115
115 207
207 115
115 207
207 115
115 207
207 123
123 207
207 123
123 207
207 123
123 207
207 123
123 207
207 123
123 207
207 123
123 239
239 123
123 207
207 123
123 240
240 123
123 239
239 123
123 207
207 123
123 239
239 123
123 239
239 131
131 240
240 131
131 240
240 131
131 240
240 132
132 16
16 131
131 240
240 123
123 239
239 132
132 16
16 132
132 48
48 132
132 81
81 132
132 49
49 124
124 48
48 132
132 50
50 140
140 49
49 132
132 49
49 140
140 81
81 140
140 114
114 132
132 81
81 140
140 81
81 140
140 113
113 140
140 113
113 132
132 114
114 132
132 49
49 132
132 82
82 132
132 49
49 132
132 49
49 132
132 81
81 140
140 81
81 140
140 81
81 140
140 113
113 132
132 81
81 132
132 48
48 140
140 114
114 132
132 81
81 140
140 81
81 132
132 49
49 132
132 16
16 140
140 49
49 140
140 49
49 140
140 49
49 132
132 49
49 132
132 17
17 131
131 240
240 132
132 16
16 123
123 207
207 123
123 207
207 131
131 239
239 131
131 208
208 131
131 208
208 131
131 208
208 131
131 240
240 123
123 207
207 123
123 207
207 123
123 207
207 123
123 207
207 123
123 208
208 123
123 240
240 115
115 175
175 115
115 175
175 115
115 143
143 115
115 143
143 115
115 142
142 115
115 142
142 115
115 110
110 107
107 110
110 115
115 110
110 107
107 46
46 115
115 46
46 99
99 45
45 99
99 78
78 99
99 46
46 99
99 45
45 107
107 77
77 107
107 45
45 99
99 13
13 107
107 45
45 107
107 44
44 98
98 235
235 99
99 12
12 90
90 203
203 90
90 236
236 99
99 12
12 98
98 236
236 99
99 12
12 99
99 45
45 99
99 12
12 99
99 12
12 99
99 12
12 98
98 236
236 107
107 12
12 106
106 236
236 106
106 236
236 115
115 12
12 114
114 236
236 115
115 13
13 115
115 45
45 115
115 45
45 115
115 13
13 115
115 13
13 115
115 78
78 123
123 142
142 123
123 142
142 131
131 175
175 131
131 175
175 131
131 175
175 139
139 240
240 131
131 239
239 132
132 16
16 140
140 49
49 156
156 49
49 156
156 81
81 148
148 81
81 148
148 112
112 156
156 178
178 156
156 178
178 164
164 211
211 164
164 211
211 172
172 243
243 181
181 149
149 173
173 117
117 173
173 20
20 189
189 21
21 189
189 21
21 173
173 20
20 165
165 20
20 173
173 84
84 173
173 52
52 173
173 85
85 181
181 85
85 173
173 52
52 173
173 52
52 164
164 244
244 165
165 20
20 172
172 243
243 173
173 20
20 164
164 243
243 164
164 244
244 164
164 243
243 165
165 20
20 164
164 243
243 164
164 243
243 164
164 243
243 164
164 243
243 172
172 243
243 164
164 243
243 164
164 243
243 164
164 243
243 164
164 243
243 164
164 243
243 164
164 243
243 164
164 243
243 165
165 20
20 164
164 243
243 164
164 243
243 173
173 20
20 164
164 179
179 156
156 147
147 156
156 179
179 156
156 179
179 156
156 178
178 148
148 145
145 148
148 145
145 148
148 114
114 156
156 81
81 156
156 81
81 156
156 81
81 148
148 114
114 140
140 113
113 132
132 16
16 140
140 48
48 140
140 49
49 139
139 240
240 131
131 208
208 131
131 208
208 131
131 174
174 131
131 110
110 123
123 175
175 107
107 77
77 98
98 203
203 82
82 105
105 66
66 8
8 49
49 200
200 49
49 135
135 41
41 70
70 41
41 70
70 41
41 70
70 41
41 71
71 41
41 71
71 41
41 70
70 33
33 70
70 33
33 5
5 33
33 5
5 41
41 38
38 33
33 37
37 33
33 37
37 41
41 70
70 41
41 70
70 41
41 37
37 49
49 103
103 49
49 103
103 49
49 135
135 49
49 167
167 41
41 101
101 41
41 69
69 41
41 37
37 41
41 37
37 49
49 70
70 49
49 37
37 41
41 37
37 41
41 69
69 41
41 37
37 41
41 37
37 41
41 37
37 41
41 5
5 41
41 37
37 41
41 37
37 49
49 38
38 49
49 70
70 41
41 37
37 49
49 71
71 49
49 104
104 49
49 168
168 49
49 137
137 49
49 169
169 49
49 170
170 57
57 136
136 49
49 135
135 49
49 103
103 49
49 102
102 41
41 102
102 41
41 102
102 41
41 70
70 49
49 70
70 49
49 37
37 41
41 69
69 33
33 37
37 33
33 37
37 33
33 37
37 33
33 37
37 33
33 37
37 33
33 36
36 41
41 36
36 41
41 36
36 41
41 36
36 41
41 4
4 49
49 4
4 49
49 4
4 49
49 4
4 41
41 4
4 41
41 4
4 41
41 4
4 41
41 4
4 41
41 37
37 33
33 4
4 41
41 5
5 49
49 5
5 40
40 229
229 41
41 37
37 33
33 37
37 33
33 69
69 41
41 69
69 33
33 5
5 33
33 37
37 41
41 102
102 49
49 169
169 49
49 202
202 57
57 171
171 57
57 138
138 65
65 202
202 57
57 170
170 57
57 202
202 57
57 234
234 49
49 235
235 49
49 236
236 57
57 236
236 57
57 235
235 57
57 236
236 57
57 235
235 58
58 12
12 57
57 235
235 57
57 235
235 57
57 201
201 49
49 135
135 49
49 135
135 49
49 135
135 49
49 103
103 41
41 38
38 41
END_IMAGE:
NEW_IMAGE:
166 26
26 166
166 58
58 158
158 58
58 158
158 58
58 157
157 250
250 157
157 249
249 157
157 217
217 157
157 249
249 157
157 185
185 157
157 153
153 157
157 185
185 149
149 152
152 149
149 153
153 157
157 153
153 149
149 88
88 124
124 246
246 116
116 247
247 124
124 248
248 124
124 150
150 108
108 85
85 91
91 212
212 83
83 211
211 59
59 49
49 50
50 175
175 50
50 111
111 50
50 79
79 33
33 238
238 33
33 139
139 41
41 139
139 33
33 204
204 33
33 171
171 25
25 41
41 33
33 74
74 33
33 171
171 33
33 138
138 25
25 72
72 33
33 169
169 49
49 233
233 57
57 201
201 49
49 167
167 57
57 232
232 66
66 40
40 66
66 40
40 58
58 6
6 66
66 39
39 66
66 39
39 66
66 7
7 74
74 39
39 74
74 7
7 82
82 40
40 74
74 7
7 74
74 39
39 74
74 39
39 74
74 39
39 74
74 39
39 74
74 71
71 74
74 39
39 74
74 39
39 74
74 72
72 74
74 71
71 74
74 104
104 82
82 136
136 82
82 103
103 82
82 103
103 82
82 135
135 74
74 135
135 82
82 135
135 82
82 136
136 90
90 136
136 82
82 72
72 82
82 105
105 82
82 137
137 82
82 137
137 90
90 105
105 90
90 104
104 90
90 136
136 90
90 168
168 82
82 136
136 82
82 136
136 90
90 168
168 90
90 136
136 90
90 169
169 90
90 169
169 90
90 169
169 98
98 137
137 98
98 137
137 90
90 169
169 90
90 137
137 90
90 169
169 90
90 137
137 98
98 169
169 98
98 169
169 98
98 201
201 98
98 201
201 98
98 201
201 98
98 201
201 98
98 201
201 98
98 169
169 98
98 201
201 98
98 201
201 98
98 201
201 98
98 201
201 98
98 202
202 90
90 202
202 90
90 234
234 90
90 234
234 98
98 202
202 98
98 233
233 106
106 201
201 98
98 201
201 98
98 201
201 98
98 201
201 106
106 201
201 106
106 201
201 98
98 201
201 106
106 202
202 98
98 202
202 98
98 202
202 106
106 202
202 98
98 169
169 98
98 202
202 98
98 234
234 90
90 234
234 98
98 234
234 106
106 202
202 98
98 234
234 98
98 234
234 98
98 234
234 106
106 234
234 106
106 234
234 106
106 234
234 106
106 235
235 106
106 202
202 106
106 235
235 106
106 202
202 106
106 235
235 106
106 202
202 106
106 234
234 106
106 234
234 106
106 234
234 106
106 235
235 107
107 11
11 107
107 11
11 99
99 11
11 99
99 11
11 106
106 235
235 107
107 10
10 98
98 233
233 107
107 10
10 106
106 234
234 106
106 234
234 106
106 234
234 114
114 234
234 114
114 234
234 114
114 233
233 131
131 9
9 130
130 201
201 130
130 138
138 138
138 138
138 122
122 105
105 106
106 105
105 98
98 40
40 98
98 72
72 98
98 71
71 98
98 39
39 98
98 7
7 98
98 7
7 98
98 8
8 98
98 8
8 97
97 231
231 98
98 8
8 98
98 7
7 98
98 7
7 98
98 7
7 98
98 7
7 98
98 7
7 98
98 7
7 98
98 7
7 98
98 7
7 98
98 39
39 98
98 7
7 98
98 40
40 90
90 40
40 98
98 7
7 98
98 40
40 98
98 39
39 98
98 39
39 106
106 39
39 98
98 39
39 98
98 71
71 98
98 39
39 98
98 39
39 98
98 71
71 90
90 70
70 90
90 71
71 98
98 71
71 98
98 71
71 98
98 71
71 106
106 72
72 98
98 72
72 90
90 40
40 74
74 105
105 74
74 73
73 57
57 200
200 57
57 199
199 66
66 9
9 65
65 232
232 57
57 200
200 65
65 232
232 65
65 232
232 66
66 8
8 57
57 200
200 66
66 8
8 57
57 199
199 65
65 232
232 57
57 199
199 65
65 232
232 66
66 8
8 66
66 8
8 65
65 232
232 57
57 199
199 57
57 199
199 57
57 232
232 57
57 166
166 65
65 199
199 57
57 167
167 57
57 231
231 57
57 231
231 57
57 231
231 57
57 231
231 57
57 231
231 57
57 231
231 57
57 199
199 57
57 199
199 57
57 199
199 57
57 199
199 57
57 199
199 57
57 166
166 57
57 199
199 57
57 199
199 57
57 166
166 57
57 167
167 57
57 166
166 57
57 166
166 57
57 166
166 57
57 166
166 57
57 198
198 57
57 166
166 57
57 166
166 57
57 166
166 57
57 166
166 57
57 166
166 57
57 167
167 57
57 199
199 57
57 199
199 49
49 166
166 57
57 199
199 65
65 199
199 65
65 104
104 57
57 168
168 74
74 106
106 82
82 205
205 90
90 238
238 82
82 206
206 82
82 174
174 74
74 205
205 74
74 171
171 82
82 203
203 74
74 106
106 66
66 8
8 66
66 8
8 57
57 199
199 57
57 199
199 57
57 199
199 57
57 167
167 57
57 199
199 49
49 167
167 49
49 166
166 49
49 166
166 49
49 166
166 49
49 166
166 49
49 166
166 49
49 166
166 49
49 133
133 49
49 134
134 49
49 166
166 49
49 166
166 49
49 166
166 49
49 134
134 49
49 134
134 49
49 134
134 49
49 134
134 49
49 134
134 49
49 134
134 49
49 134
134 49
49 134
134 49
49 134
134 41
41 134
134 49
49 134
134 41
41 101
101 49
49 134
134 41
41 133
133 41
41 134
134 41
41 133
133 41
41 133
133 41
41 133
133 41
41 134
134 41
41 134
134 41
41 134
134 41
41 134
134 41
41 134
134 41
41 133
133 41
41 134
134 41
41 166
166 41
41 134
134 41
41 134
134 49
49 134
134 41
41 102
102 49
49 134
134 41
41 101
101 41
END_IMAGE:
NEW_IMAGE:
2 201
201 26
26 233
233 43
43 42
42 67
67 75
75 83
83 10
10 83
83 9
9 83
83 9
9 75
75 9
9 66
66 168
168 50
50 136
136 34
34 104
104 10
10 136
136 2
2 104
104 10
10 40
40 10
10 41
41 9
9 200
200 26
26 41
41 26
26 137
137 26
26 105
105 26
26 138
138 34
34 201
201 42
42 201
201 58
58 234
234 59
59 75
75 59
59 43
43 67
67 11
11 75
75 108
108 83
83 172
172 99
99 173
173 99
99 174
174 91
91 238
238 107
107 239
239 116
116 15
15 116
116 112
112 116
116 112
112 116
116 47
47 124
124 112
112 124
124 242
242 124
124 177
177 124
124 81
81 124
124 145
145 124
124 210
210 124
124 210
210 124
124 177
177 132
132 178
178 132
132 178
178 132
132 210
210 133
133 18
18 149
149 19
19 157
157 84
84 157
157 117
117 157
157 117
117 157
157 84
84 149
149 19
19 149
149 52
52 149
149 52
52 149
149 52
52 157
157 84
84 149
149 52
52 149
149 84
84 157
157 52
52 165
165 52
52 165
165 84
84 157
157 84
84 173
173 85
85 173
173 117
117 173
173 117
117 173
173 117
117 173
173 150
150 173
173 117
117 181
181 182
182 181
181 214
214 189
189 247
247 189
189 246
246 189
189 214
214 181
181 181
181 181
181 214
214 181
181 214
214 173
173 213
213 181
181 213
213 189
189 213
213 189
189 213
213 190
190 22
22 198
198 55
55 198
198 88
88 206
206 153
153 206
206 121
121 206
206 121
121 214
214 186
186 214
214 219
219 214
214 219
219 214
214 187
187 214
214 187
187 214
214 187
187 206
206 154
154 206
206 122
122 214
214 187
187 222
222 252
252 222
222 252
252 222
222 251
251 231
231 28
28 239
239 60
60 239
239 60
60 239
239 60
60 239
239 92
92 239
239 92
92 239
239 92
92 239
239 124
124 239
239 92
92 231
231 27
27 239
239 92
92 247
247 157
157 247
247 157
157 247
247 157
157 247
247 124
124 239
239 125
125 255
255 255
255 255
255 222
222 247
247 157
157 247
247 157
157 222
222 218
218 214
214 186
186 198
198 22
22 173
173 83
83 156
156 177
177 115
115 205
205 107
107 141
141 66
66 170
170 74
74 170
170 50
50 41
41 33
33 200
200 25
25 71
71 33
33 136
136 41
41 233
233 41
41 233
233 49
49 232
232 58
58 9
9 58
58 73
73 58
58 106
106 66
66 105
105 66
66 105
105 66
66 105
105 58
58 72
72 58
58 72
72 50
50 72
72 50
50 40
40 58
58 104
104 50
50 72
72 42
42 104
104 42
42 72
72 50
50 104
104 42
42 104
104 42
42 104
104 42
42 168
168 34
34 136
136 26
26 103
103 34
34 104
104 34
34 135
135 34
34 135
135 42
42 103
103 42
42 102
102 42
42 102
102 42
42 103
103 42
42 103
103 42
42 103
103 26
26 102
102 34
34 135
135 34
34 103
103 42
42 71
71 34
34 39
39 34
34 71
71 34
34 103
103 34
34 135
135 26
26 103
103 26
26 103
103 26
26 103
103 26
26 71
71 34
34 102
102 34
34 71
71 34
34 71
71 34
34 71
71 42
42 103
103 42
42 71
71 34
34 70
70 34
34 70
70 34
34 103
103 26
26 103
103 26
26 103
103 26
26 135
135 26
26 135
135 26
26 135
135 26
26 135
135 26
26 167
167 26
26 167
167 18
18 135
135 26
26 135
135 26
26 135
135 26
26 135
135 34
34 135
135 26
26 103
103 26
26 103
103 26
26 135
135 26
26 135
135 26
26 135
135 34
34 103
103 42
42 71
71 34
34 103
103 42
42 135
135 34
34 102
102 34
34 103
103 26
26 134
134 26
26 135
135 26
26 134
134 26
26 135
135 18
18 135
135 26
26 135
135 26
26 135
135 26
26 135
135 34
34 103
103 34
34 103
103 34
34 103
103 34
34 71
71 42
42 103
103 42
42 71
71 42
42 103
103 42
42 103
103 42
42 71
71 34
34 135
135 26
26 102
102 26
26 167
167 26
26 167
167 26
26 103
103 34
34 135
135 34
34 103
103 34
34 103
103 34
34 135
135 42
42 135
135 34
34 136
136 34
34 136
136 34
34 135
135 34
34 136
136 34
34 104
104 42
42 104
104 34
34 71
71 34
34 103
103 34
34 135
135 34
34 167
167 26
26 135
135 34
34 135
135 26
26 136
136 26
26 136
136 34
34 136
136 34
34 103
103 42
42 103
103 42
42 104
104 42
42 104
104 42
42 136
136 34
34 135
135 42
42 103
103 42
42 103
103 42
42 103
103 42
42 104
104 42
42 135
135 34
34 167
167 34
34 168
168 34
34 136
136 34
34 136
136 42
42 136
136 50
50 104
104 42
42 71
71 42
42 104
104 42
42 103
103 42
42 135
135 42
42 136
136 42
42 136
136 42
42 135
135 42
42 135
135 34
34 167
167 34
34 167
167 42
42 135
135 42
42 168
168 42
42 135
135 42
42 136
136 34
34 167
167 26
26 136
136 34
34 136
136 42
42 104
104 34
34 167
167 34
34 167
167 34
34 167
167 34
34 167
167 34
34 167
167 34
34 135
135 42
42 136
136 42
42 104
104 42
42 136
136 34
34 136
136 34
34 136
136 42
42 136
136 34
34 103
103 42
42 135
135 42
42 135
135 42
42 135
135 42
42 135
135 42
42 135
135 42
42 136
136 34
34 136
136 34
34 135
135 42
42 168
168 42
42 136
136 34
34 135
135 42
42 168
168 42
42 135
135 42
42 168
168 42
42 167
167 34
34 168
168 34
34 168
168 34
34 168
168 34
34 136
136 34
34 136
136 34
END_IMAGE:
NEW_IMAGE:
0 64
64 0
0 96
96 0
0 64
64 0
0 96
96 0
0 97
97 0
0 64
64 0
0 96
96 0
0 64
64 0
0 64
64 0
0 64
64 0
0 64
64 0
0 64
64 0
0 96
96 0
0 64
64 0
0 129
129 0
0 129
129 0
0 97
97 0
0 129
129 0
0 129
129 0
0 96
96 0
0 128
128 0
0 160
160 0
0 160
160 0
0 129
129 0
0 160
160 0
0 160
160 0
0 161
161 8
8 128
128 17
17 1
1 57
57 192
192 123
123 170
170 223
223 59
59 190
190 22
22 181
181 182
182 157
157 18
18 132
132 79
79 115
115 238
238 99
99 239
239 59
59 173
173 27
27 76
76 11
11 109
109 11
11 206
206 3
3 207
207 3
3 80
80 2
2 108
108 1
1 68
68 0
0 227
227 0
0 32
32 25
25 101
101 84
84 17
17 125
125 85
85 134
134 188
188 125
125 216
216 133
133 185
185 108
108 148
148 99
99 208
208 67
67 13
13 50
50 236
236 34
34 171
171 17
17 230
230 25
25 100
100 25
25 99
99 25
25 132
132 17
17 35
35 9
9 34
34 1
1 2
2 1
1 34
34 1
1 2
2 1
1 2
2 1
1 100
100 1
1 100
100 1
1 99
99 1
1 132
132 9
9 100
100 9
9 68
68 9
9 35
35 9
9 67
67 1
1 67
67 9
9 36
36 9
9 36
36 1
1 67
67 1
1 67
67 1
1 99
99 1
1 67
67 9
9 67
67 9
9 36
36 9
9 3
3 1
1 67
67 1
1 67
67 1
1 67
67 1
1 66
66 1
1 99
99 1
1 67
67 1
1 67
67 1
1 67
67 1
1 99
99 1
1 99
99 1
1 67
67 1
1 99
99 1
1 99
99 1
1 99
99 1
1 67
67 1
1 99
99 1
1 99
99 1
1 131
131 1
1 99
99 9
9 99
99 1
1 132
132 1
1 99
99 1
1 99
99 1
1 131
131 9
9 99
99 9
9 99
99 1
1 131
131 9
9 132
132 9
9 164
164 1
1 196
196 1
1 164
164 1
1 196
196 1
1 196
196 1
1 197
197 1
1 100
100 9
9 165
165 41
41 100
100 33
33 99
99 65
65 192
192 131
131 203
203 206
206 185
185 156
156 242
242 91
91 12
12 66
66 235
235 25
25 4
4 33
33 102
102 140
140 113
113 206
206 88
88 247
247 255
255 239
239 255
255 166
166 251
251 101
101 216
216 92
92 50
50 59
59 111
111 25
25 232
232 25
25 232
232 9
9 133
133 9
9 133
133 9
9 197
197 9
9 229
229 18
18 38
38 10
10 5
5 10
10 5
5 9
9 229
229 17
17 165
165 9
9 196
196 9
9 164
164 9
9 196
196 9
9 196
196 9
9 196
196 9
9 196
196 9
9 196
196 9
9 195
195 9
9 164
164 9
9 165
165 9
9 133
133 17
17 165
165 17
17 165
165 9
9 165
165 9
9 197
197 9
9 197
197 9
9 164
164 9
9 164
164 9
9 164
164 17
17 164
164 17
17 132
132 17
17 164
164 9
9 196
196 9
9 196
196 9
9 164
164 9
9 164
164 17
17 165
165 17
17 165
165 17
17 165
165 25
25 165
165 17
17 132
132 17
17 196
196 17
17 197
197 25
25 197
197 9
9 165
165 10
10 6
6 10
10 5
5 10
10 6
6 2
2 5
5 10
10 5
5 17
17 229
229 25
25 132
132 33
33 166
166 41
41 132
132 82
82 233
233 206
206 250
250 214
214 218
218 166
166 24
24 60
60 146
146 25
25 134
134 1
1 167
167 10
10 103
103 18
18 135
135 34
34 104
104 42
42 7
7 25
25 197
197 17
17 229
229 18
18 6
6 18
18 38
38 26
26 38
38 18
18 37
37 18
18 5
5 18
18 37
37 18
18 37
37 18
18 5
5 26
26 37
37 18
18 5
5 26
26 37
37 18
18 5
5 18
18 5
5 18
18 5
5 17
17 230
230 26
26 6
6 26
26 6
6 26
26 6
6 26
26 6
6 26
26 6
6 26
26 38
38 26
26 6
6 26
26 6
6 26
26 6
6 26
26 6
6 26
26 6
6 18
18 6
6 26
26 38
38 18
18 38
38 26
26 38
38 18
18 70
70 26
26 70
70 18
18 70
70 26
26 38
38 26
26 37
37 26
26 38
38 33
33 164
164 50
50 135
135 125
125 212
212 100
100 208
208 84
84 175
175 50
50 234
234 1
1 197
197 10
10 6
6 34
34 7
7 26
26 39
39 34
34 103
103 26
26 135
135 18
18 135
135 26
26 71
71 42
42 71
71 42
42 72
72 50
50 104
104 42
42 168
168 34
34 200
200 42
42 168
168 42
42 72
72 42
42 201
201 35
35 75
75 43
43 43
43 51
51 11
11 43
43 44
44 35
35 76
76 35
35 108
108 35
35 76
76 35
35 108
108 35
35 173
173 35
35 108
108 35
35 108
108 35
35 76
76 35
35 76
76 35
35 76
76 35
35 43
43 35
35 75
75 43
43 108
108 35
35 76
76 51
51 11
11 59
59 12
12 59
59 44
44 59
59 141
141 59
59 76
76 67
67 109
109 67
67 44
44 75
75 44
44 67
67 45
45 59
59 77
77 59
59 12
12 59
59 77
77 59
59 77
77 51
51 109
109 59
59 45
45 83
83 174
174 83
83 174
174 75
75 174
174 75
75 206
206 83
83 206
206 83
83 143
143 91
91 207
207 83
83 207
207 92
92 15
15 91
91 239
239 100
100 48
48 108
108 16
16 116
116 16
16 108
108 81
81 84
84 81
81 100
100 16
16 108
108 49
49 116
116 81
81 124
124 113
113 124
124 113
113 132
END_IMAGE:
