NEW_IMAGE:
198 123
206 124
198 123
198 123
198 123
198 123
198 123
206 123
198 58
190 58
190 26
181 217
181 217
181 218
173 185
173 154
165 89
157 88
149 87
149 55
157 55
149 23
132 181
124 19
132 52
132 52
115 243
99 211
99 179
91 50
91 80
99 48
98 240
98 239
90 206
90 141
90 174
90 174
82 174
82 173
82 173
82 142
82 109
74 109
74 108
74 107
74 107
74 107
74 75
74 75
74 75
66 75
74 43
74 43
74 11
66 11
66 11
66 11
66 75
66 42
66 10
66 42
65 234
66 42
66 42
66 42
66 42
66 43
74 42
66 10
66 42
66 10
66 42
66 42
66 41
66 42
66 41
74 44
57 202
57 169
49 103
49 134
49 102
49 103
49 103
49 103
49 72
49 72
49 72
49 71
49 71
49 103
49 103
41 103
49 135
49 135
49 103
57 71
57 71
57 70
57 70
49 102
41 134
41 134
49 102
49 102
49 70
49 70
49 70
49 70
49 70
49 38
49 37
49 38
41 37
41 37
41 69
41 37
33 37
41 5
33 5
33 37
41 5
33 5
33 36
33 36
33 36
33 36
33 36
33 36
41 36
41 4
41 4
40 228
41 4
33 4
33 4
33 4
33 4
33 36
32 228
33 4
33 4
32 228
32 228
40 228
40 228
32 227
32 227
32 227
32 227
32 227
32 228
32 228
32 195
32 228
24 228
24 228
24 227
32 227
32 227
24 195
24 195
32 228
24 227
24 227
32 196
24 196
24 228
24 196
32 228
24 227
24 227
24 227
24 227
32 227
32 227
32 195
24 227
25 4
25 36
24 227
32 227
33 35
17 229
2 135
3 39
3 104
3 73
3 72
3 72
3 104
3 72
3 72
3 72
3 72
3 104
3 40
3 72
3 72
3 72
3 104
3 104
3 72
3 104
3 104
3 71
3 72
3 104
3 105
3 72
3 72
3 72
3 40
3 72
3 72
3 40
3 72
3 40
3 73
3 40
3 8
3 40
3 40
3 8
3 8
3 8
3 40
3 39
3 40
3 40
3 104
3 72
3 72
3 103
3 103
3 72
3 72
3 7
3 39
3 72
3 39
3 39
3 7
3 39
3 39
3 39
3 39
3 7
3 39
3 39
3 39
3 39
3 71
3 7
3 7
3 8
3 8
3 7
3 7
3 8
3 8
3 7
3 39
3 7
3 7
3 7
3 7
3 39
3 8
3 7
3 7
3 7
3 39
3 71
3 71
3 71
3 103
3 71
3 71
3 103
3 102
3 134
3 70
3 71
3 71
3 72
3 71
3 39
3 71
3 71
3 72
3 39
3 104
3 73
3 74
19 41
41 229
2 5
2 134
19 8
50 135
82 102
105 228
145 133
145 134
145 135
153 104
161 136
153 71
169 136
169 104
169 104
177 104
177 104
177 72
177 72
177 72
177 72
177 40
185 40
177 40
177 40
177 39
177 39
177 39
185 7
185 8
185 40
185 7
185 7
185 7
185 7
185 40
185 40
185 40
185 40
193 41
193 41
193 8
201 8
201 8
201 41
201 73
201 72
201 73
209 73
209 40
209 73
217 73
209 73
209 41
217 105
217 73
225 74
225 75
217 139
225 106
225 107
225 139
225 107
225 172
225 140
225 172
225 171
217 171
226 12
242 78
234 13
233 237
233 237
233 237
233 237
233 236
234 13
233 237
241 237
234 45
226 44
234 12
242 45
242 13
242 77
250 78
250 46
250 46
242 46
250 77
250 206
250 175
250 144
250 144
250 143
242 111
250 144
242 112
250 144
250 145
250 209
250 177
250 240
251 17
250 241
250 241
250 241
251 18
251 18
251 50
251 83
251 82
251 82
251 83
251 83
251 51
251 83
251 83
251 84
251 116
243 84
251 85
251 85
251 118
251 117
251 84
251 117
251 117
251 86
251 118
251 117
251 117
251 84
251 83
251 115
251 83
251 83
251 83
251 115
251 115
251 116
251 52
251 52
251 51
251 147
251 180
251 147
243 115
243 147
251 147
243 146
243 113
243 145
243 178
219 79
211 207
163 11
106 234
75 139
27 137
3 234
3 234
3 235
3 202
3 202
3 235
3 202
3 202
3 170
3 202
3 202
3 170
3 202
3 203
3 203
3 171
3 203
3 234
3 201
3 201
3 169
3 169
3 169
3 201
3 169
3 202
3 234
3 169
3 170
3 137
3 137
3 137
3 169
3 169
3 169
3 168
3 168
3 168
3 168
3 136
3 168
3 136
3 136
3 168
3 168
3 137
3 169
3 136
3 136
3 136
3 136
3 136
3 136
3 136
3 136
3 168
3 136
3 136
3 136
3 136
3 136
3 136
3 136
3 168
3 136
3 137
3 72
2 102
2 102
2 231
3 7
3 103
3 135
3 103
3 135
3 103
3 103
3 103
3 104
3 104
3 104
3 104
3 72
3 72
3 71
3 39
3 40
3 40
3 40
3 72
3 72
3 104
3 103
3 72
3 104
3 104
3 103
3 103
3 71
3 103
3 104
3 72
3 72
3 39
3 72
3 40
3 40
3 71
3 71
3 71
3 71
3 71
3 103
3 71
3 72
3 72
3 71
3 72
3 40
3 40
3 40
3 40
3 40
3 72
3 72
3 72
3 71
3 104
3 72
3 72
3 103
3 72
3 71
3 39
3 40
3 40
3 39
3 39
3 39
3 39
3 8
2 232
3 8
3 39
3 39
3 39
3 39
3 39
3 7
2 231
3 7
3 7
3 7
3 7
3 7
3 7
3 7
2 231
3 39
3 7
3 7
3 40
3 8
3 8
2 232
3 8
3 7
2 231
3 7
3 7
3 7
3 7
3 7
2 232
2 232
3 8
3 9
2 233
2 203
2 173
26 109
42 78
END_IMAGE:
