e-puck-2 is alive !
NEW_IMAGE:
48 48
162 162
48 48
162 162
56 56
163 163
56 56
163 163
48 48
163 163
56 56
195 195
56 56
163 163
56 56
195 195
56 56
162 162
56 56
162 162
56 56
163 163
56 56
163 163
56 56
163 163
56 56
163 163
56 56
131 131
56 56
163 163
64 64
131 131
64 64
131 131
64 64
131 131
56 56
163 163
56 56
163 163
56 56
162 162
56 56
163 163
48 48
194 194
56 56
194 194
56 56
162 162
56 56
162 162
56 56
131 131
64 64
163 163
64 64
164 164
56 56
163 163
56 56
163 163
48 48
163 163
48 48
195 195
48 48
195 195
48 48
163 163
56 56
195 195
56 56
195 195
48 48
194 194
56 56
195 195
48 48
195 195
56 56
227 227
48 48
195 195
48 48
195 195
56 56
228 228
48 48
228 228
48 48
228 228
48 48
228 228
56 56
196 196
48 48
228 228
56 56
228 228
48 48
228 228
48 48
228 228
48 48
228 228
48 48
228 228
56 56
228 228
57 57
4 4
49 49
4 4
57 57
4 4
49 49
36 36
49 49
4 4
49 49
36 36
49 49
36 36
49 49
36 36
49 49
36 36
49 49
36 36
49 49
36 36
49 49
37 37
49 49
69 69
41 41
69 69
41 41
36 36
49 49
37 37
57 57
36 36
57 57
68 68
57 57
36 36
57 57
68 68
49 49
68 68
49 49
101 101
49 49
101 101
49 49
134 134
49 49
134 134
49 49
101 101
49 49
166 166
49 49
134 134
49 49
134 134
57 57
134 134
65 65
134 134
65 65
134 134
65 65
134 134
65 65
134 134
65 65
134 134
65 65
166 166
65 65
199 199
57 57
199 199
65 65
231 231
65 65
199 199
65 65
231 231
65 65
231 231
65 65
231 231
66 66
40 40
66 66
8 8
66 66
8 8
66 66
8 8
66 66
8 8
73 73
232 232
74 74
8 8
73 73
232 232
73 73
232 232
73 73
232 232
74 74
8 8
73 73
232 232
74 74
8 8
74 74
8 8
66 66
8 8
66 66
8 8
74 74
8 8
66 66
8 8
65 65
232 232
66 66
8 8
66 66
8 8
66 66
8 8
66 66
8 8
66 66
8 8
66 66
8 8
74 74
8 8
74 74
8 8
66 66
8 8
74 74
8 8
74 74
8 8
73 73
232 232
74 74
8 8
74 74
8 8
73 73
232 232
73 73
232 232
73 73
232 232
73 73
232 232
73 73
232 232
73 73
200 200
73 73
232 232
73 73
232 232
65 65
232 232
66 66
8 8
66 66
8 8
57 57
232 232
65 65
232 232
65 65
232 232
66 66
8 8
66 66
8 8
65 65
232 232
65 65
232 232
66 66
8 8
66 66
8 8
66 66
8 8
66 66
8 8
66 66
8 8
66 66
8 8
65 65
232 232
65 65
232 232
65 65
232 232
66 66
40 40
END_IMAGE:
e-puck-2 is alive !
NEW_IMAGE:
2 2
5 5
10 10
6 6
9 9
230 230
10 10
6 6
18 18
6 6
17 17
230 230
18 18
6 6
17 17
230 230
25 25
230 230
17 17
230 230
17 17
230 230
25 25
230 230
17 17
197 197
17 17
229 229
18 18
5 5
17 17
197 197
17 17
230 230
25 25
198 198
33 33
197 197
25 25
197 197
25 25
165 165
33 33
197 197
25 25
165 165
25 25
197 197
33 33
197 197
25 25
165 165
33 33
198 198
33 33
165 165
41 41
165 165
33 33
165 165
33 33
165 165
33 33
165 165
41 41
133 133
41 41
133 133
41 41
101 101
41 41
133 133
41 41
134 134
49 49
134 134
49 49
101 101
49 49
101 101
49 49
101 101
49 49
101 101
49 49
101 101
49 49
101 101
41 41
101 101
41 41
101 101
49 49
102 102
49 49
70 70
49 49
70 70
49 49
37 37
49 49
37 37
49 49
69 69
57 57
37 37
57 57
37 37
57 57
37 37
57 57
4 4
49 49
37 37
57 57
5 5
57 57
5 5
49 49
4 4
57 57
36 36
57 57
36 36
57 57
35 35
57 57
36 36
49 49
36 36
49 49
4 4
49 49
3 3
49 49
3 3
56 56
227 227
57 57
3 3
49 49
3 3
48 48
226 226
48 48
226 226
64 64
194 194
56 56
194 194
56 56
227 227
64 64
227 227
56 56
227 227
64 64
227 227
64 64
227 227
64 64
195 195
64 64
195 195
56 56
226 226
56 56
227 227
64 64
226 226
64 64
195 195
64 64
227 227
64 64
227 227
56 56
227 227
64 64
227 227
64 64
227 227
64 64
227 227
64 64
227 227
56 56
227 227
64 64
227 227
64 64
227 227
64 64
227 227
64 64
195 195
64 64
195 195
56 56
227 227
56 56
227 227
56 56
227 227
64 64
227 227
64 64
228 228
64 64
195 195
64 64
196 196
72 72
195 195
72 72
195 195
72 72
195 195
64 64
227 227
64 64
227 227
64 64
227 227
64 64
227 227
64 64
227 227
64 64
227 227
64 64
227 227
73 73
3 3
64 64
227 227
65 65
3 3
72 72
227 227
72 72
194 194
64 64
227 227
72 72
227 227
72 72
226 226
80 80
227 227
80 80
195 195
80 80
195 195
88 88
228 228
88 88
195 195
96 96
163 163
96 96
195 195
96 96
195 195
104 104
195 195
104 104
163 163
104 104
163 163
104 104
163 163
112 112
163 163
112 112
163 163
104 104
162 162
104 104
194 194
104 104
194 194
104 104
194 194
104 104
194 194
104 104
195 195
104 104
194 194
112 112
194 194
112 112
162 162
112 112
195 195
112 112
227 227
112 112
195 195
112 112
195 195
120 120
163 163
120 120
163 163
120 120
163 163
128 128
163 163
120 120
132 132
120 120
132 132
128 128
132 132
128 128
164 164
128 128
196 196
END_IMAGE:
e-puck-2 is alive !
NEW_IMAGE:
255 255
191 191
255 255
223 223
255 255
223 223
255 255
255 255
255 255
255 255
255 255
255 255
255 255
255 255
255 255
255 255
255 255
255 255
255 255
255 255
255 255
255 255
255 255
255 255
255 255
255 255
255 255
255 255
255 255
255 255
255 255
255 255
255 255
255 255
255 255
255 255
255 255
255 255
255 255
255 255
255 255
255 255
255 255
255 255
255 255
255 255
255 255
255 255
255 255
255 255
255 255
255 255
255 255
255 255
255 255
255 255
255 255
255 255
255 255
255 255
255 255
255 255
255 255
255 255
255 255
255 255
255 255
255 255
255 255
255 255
255 255
255 255
255 255
255 255
255 255
255 255
255 255
255 255
255 255
255 255
255 255
255 255
255 255
255 255
255 255
255 255
255 255
255 255
255 255
255 255
255 255
255 255
255 255
255 255
255 255
255 255
255 255
255 255
255 255
255 255
255 255
255 255
255 255
255 255
255 255
255 255
255 255
255 255
255 255
255 255
255 255
255 255
255 255
255 255
255 255
255 255
255 255
255 255
255 255
255 255
255 255
255 255
255 255
255 255
255 255
255 255
255 255
255 255
255 255
255 255
255 255
255 255
255 255
255 255
255 255
255 255
255 255
255 255
255 255
255 255
255 255
255 255
255 255
255 255
255 255
255 255
255 255
255 255
255 255
255 255
255 255
255 255
255 255
255 255
255 255
255 255
255 255
255 255
255 255
255 255
255 255
255 255
255 255
255 255
255 255
255 255
255 255
255 255
255 255
255 255
255 255
255 255
255 255
255 255
255 255
255 255
255 255
255 255
255 255
255 255
255 255
255 255
255 255
255 255
255 255
255 255
255 255
255 255
255 255
255 255
255 255
255 255
255 255
255 255
255 255
255 255
255 255
255 255
255 255
255 255
255 255
255 255
255 255
255 255
255 255
255 255
255 255
255 255
255 255
255 255
255 255
255 255
255 255
255 255
255 255
255 255
255 255
255 255
255 255
255 255
255 255
223 223
255 255
223 223
255 255
223 223
255 255
191 191
255 255
191 191
247 247
159 159
247 247
127 127
247 247
127 127
255 255
95 95
247 247
95 95
239 239
94 94
239 239
62 62
239 239
62 62
239 239
29 29
230 230
221 221
230 230
253 253
230 230
253 253
222 222
189 189
230 230
157 157
222 222
156 156
214 214
156 156
214 214
123 123
198 198
58 58
198 198
58 58
198 198
57 57
190 190
25 25
189 189
216 216
181 181
216 216
165 165
152 152
157 157
54 54
149 149
86 86
149 149
151 151
133 133
21 21
124 124
244 244
116 116
244 244
108 108
146 146
84 84
113 113
68 68
112 112
60 60
80 80
52 52
46 46
20 20
13 13
11 11
235 235
4 4
12 12
3 3
235 235
4 4
11 11
4 4
11 11
4 4
10 10
3 3
234 234
4 4
11 11
3 3
235 235
END_IMAGE:
e-puck-2 is alive !
NEW_IMAGE:
49 49
72 72
49 49
72 72
49 49
72 72
57 57
105 105
49 49
105 105
49 49
104 104
57 57
104 104
57 57
137 137
57 57
105 105
57 57
105 105
57 57
104 104
57 57
137 137
57 57
137 137
65 65
137 137
57 57
170 170
65 65
138 138
65 65
138 138
73 73
138 138
73 73
171 171
73 73
139 139
65 65
170 170
73 73
170 170
73 73
170 170
73 73
202 202
73 73
203 203
73 73
170 170
81 81
235 235
81 81
203 203
89 89
203 203
89 89
203 203
81 81
235 235
81 81
235 235
81 81
235 235
81 81
235 235
82 82
11 11
81 81
235 235
81 81
235 235
81 81
235 235
81 81
235 235
90 90
12 12
81 81
235 235
82 82
11 11
74 74
11 11
74 74
11 11
81 81
235 235
74 74
11 11
74 74
11 11
82 82
11 11
81 81
235 235
82 82
12 12
73 73
235 235
74 74
11 11
74 74
11 11
74 74
11 11
74 74
11 11
74 74
11 11
74 74
11 11
73 73
235 235
73 73
235 235
73 73
235 235
73 73
235 235
73 73
235 235
74 74
10 10
73 73
234 234
74 74
10 10
74 74
10 10
66 66
10 10
65 65
233 233
73 73
234 234
65 65
234 234
66 66
9 9
65 65
233 233
66 66
9 9
66 66
9 9
66 66
9 9
65 65
233 233
65 65
233 233
65 65
233 233
57 57
233 233
57 57
233 233
57 57
232 232
57 57
232 232
57 57
232 232
49 49
200 200
57 57
199 199
49 49
199 199
49 49
199 199
49 49
199 199
49 49
199 199
49 49
199 199
41 41
199 199
41 41
167 167
41 41
134 134
41 41
135 135
41 41
134 134
33 33
134 134
33 33
134 134
17 17
133 133
17 17
165 165
25 25
101 101
25 25
100 100
17 17
100 100
17 17
67 67
9 9
99 99
9 9
99 99
9 9
98 98
1 1
98 98
9 9
67 67
9 9
98 98
1 1
99 99
1 1
98 98
1 1
98 98
1 1
98 98
1 1
99 99
9 9
67 67
9 9
67 67
1 1
99 99
1 1
99 99
1 1
98 98
1 1
98 98
1 1
98 98
9 9
66 66
9 9
98 98
9 9
66 66
9 9
66 66
1 1
99 99
1 1
99 99
1 1
99 99
1 1
99 99
1 1
99 99
1 1
99 99
1 1
99 99
9 9
67 67
9 9
67 67
9 9
67 67
1 1
67 67
1 1
67 67
1 1
67 67
1 1
67 67
1 1
98 98
1 1
98 98
1 1
98 98
9 9
66 66
1 1
66 66
9 9
67 67
1 1
67 67
1 1
67 67
1 1
99 99
1 1
99 99
1 1
99 99
9 9
99 99
1 1
67 67
1 1
67 67
1 1
99 99
1 1
99 99
1 1
99 99
1 1
98 98
1 1
99 99
1 1
98 98
1 1
98 98
END_IMAGE:
e-puck-2 is alive !
NEW_IMAGE:
148 148
179 179
156 156
243 243
148 148
211 211
148 148
243 243
157 157
20 20
156 156
244 244
156 156
243 243
157 157
20 20
156 156
244 244
156 156
243 243
156 156
244 244
156 156
244 244
156 156
244 244
156 156
244 244
156 156
244 244
156 156
244 244
156 156
244 244
156 156
244 244
156 156
243 243
156 156
211 211
156 156
211 211
148 148
179 179
148 148
178 178
148 148
179 179
148 148
146 146
148 148
147 147
148 148
114 114
140 140
81 81
140 140
81 81
148 148
114 114
140 140
17 17
140 140
16 16
131 131
208 208
131 131
240 240
132 132
16 16
131 131
207 207
131 131
175 175
131 131
175 175
123 123
174 174
123 123
110 110
123 123
142 142
123 123
110 110
123 123
110 110
123 123
110 110
123 123
77 77
115 115
77 77
115 115
109 109
123 123
77 77
123 123
45 45
123 123
45 45
115 115
44 44
123 123
44 44
122 122
204 204
122 122
204 204
122 122
172 172
122 122
172 172
114 114
171 171
122 122
139 139
122 122
107 107
122 122
106 106
122 122
74 74
122 122
73 73
114 114
73 73
114 114
72 72
114 114
40 40
122 122
40 40
122 122
8 8
121 121
232 232
121 121
232 232
121 121
232 232
121 121
199 199
121 121
199 199
121 121
167 167
121 121
134 134
121 121
135 135
121 121
134 134
121 121
134 134
121 121
102 102
121 121
101 101
121 121
101 101
121 121
101 101
129 129
101 101
129 129
101 101
129 129
69 69
129 129
69 69
129 129
69 69
129 129
69 69
137 137
69 69
137 137
68 68
137 137
68 68
137 137
36 36
137 137
36 36
137 137
36 36
137 137
36 36
145 145
36 36
145 145
36 36
145 145
68 68
145 145
68 68
145 145
68 68
145 145
67 67
145 145
35 35
145 145
68 68
145 145
68 68
145 145
36 36
145 145
68 68
153 153
36 36
161 161
68 68
161 161
36 36
161 161
36 36
161 161
68 68
153 153
68 68
153 153
36 36
161 161
100 100
161 161
100 100
161 161
132 132
153 153
100 100
153 153
132 132
161 161
100 100
161 161
68 68
161 161
68 68
153 153
100 100
153 153
35 35
153 153
67 67
161 161
100 100
161 161
68 68
169 169
68 68
169 169
101 101
169 169
69 69
169 169
100 100
169 169
100 100
169 169
100 100
169 169
100 100
169 169
101 101
169 169
100 100
169 169
101 101
169 169
101 101
169 169
101 101
169 169
101 101
169 169
101 101
177 177
101 101
169 169
101 101
177 177
133 133
177 177
133 133
177 177
101 101
169 169
133 133
169 169
133 133
169 169
134 134
177 177
134 134
177 177
134 134
177 177
133 133
177 177
133 133
177 177
133 133
177 177
166 166
177 177
133 133
185 185
134 134
177 177
101 101
177 177
133 133
177 177
133 133
177 177
165 165
177 177
134 134
END_IMAGE:
e-puck-2 is alive !
NEW_IMAGE:
8 8
130 130
16 16
194 194
16 16
162 162
16 16
130 130
16 16
130 130
16 16
130 130
8 8
130 130
16 16
130 130
16 16
130 130
16 16
130 130
16 16
129 129
16 16
129 129
16 16
162 162
16 16
130 130
16 16
162 162
16 16
162 162
16 16
162 162
8 8
162 162
16 16
162 162
8 8
194 194
8 8
194 194
16 16
162 162
16 16
130 130
16 16
130 130
16 16
130 130
16 16
162 162
16 16
162 162
16 16
162 162
16 16
130 130
16 16
162 162
16 16
162 162
16 16
162 162
16 16
162 162
16 16
130 130
16 16
130 130
16 16
129 129
16 16
162 162
16 16
162 162
16 16
162 162
16 16
162 162
16 16
129 129
16 16
162 162
16 16
162 162
16 16
162 162
16 16
162 162
16 16
130 130
16 16
162 162
16 16
162 162
16 16
162 162
16 16
162 162
16 16
162 162
16 16
162 162
16 16
162 162
16 16
162 162
16 16
162 162
16 16
130 130
16 16
162 162
16 16
130 130
16 16
162 162
16 16
130 130
16 16
162 162
16 16
162 162
16 16
130 130
16 16
162 162
16 16
162 162
16 16
130 130
16 16
194 194
16 16
162 162
16 16
162 162
16 16
162 162
16 16
162 162
16 16
162 162
16 16
162 162
16 16
162 162
16 16
162 162
16 16
162 162
16 16
162 162
16 16
162 162
16 16
162 162
8 8
161 161
16 16
194 194
16 16
194 194
16 16
194 194
16 16
162 162
24 24
162 162
16 16
130 130
16 16
162 162
16 16
130 130
24 24
162 162
16 16
162 162
16 16
194 194
16 16
162 162
16 16
162 162
16 16
194 194
16 16
161 161
16 16
162 162
16 16
161 161
16 16
194 194
16 16
194 194
16 16
194 194
16 16
194 194
16 16
162 162
16 16
162 162
16 16
162 162
16 16
162 162
16 16
194 194
16 16
194 194
16 16
162 162
16 16
194 194
16 16
194 194
24 24
194 194
24 24
194 194
24 24
162 162
24 24
162 162
24 24
162 162
16 16
162 162
16 16
194 194
24 24
194 194
16 16
194 194
16 16
225 225
16 16
225 225
16 16
225 225
16 16
194 194
16 16
161 161
16 16
194 194
16 16
194 194
16 16
194 194
16 16
193 193
16 16
194 194
16 16
194 194
16 16
162 162
16 16
162 162
16 16
162 162
24 24
162 162
24 24
162 162
16 16
162 162
24 24
162 162
24 24
162 162
24 24
162 162
24 24
194 194
16 16
194 194
16 16
162 162
16 16
194 194
24 24
194 194
16 16
193 193
16 16
193 193
16 16
194 194
16 16
194 194
16 16
194 194
24 24
194 194
16 16
194 194
16 16
193 193
16 16
193 193
16 16
193 193
24 24
194 194
24 24
194 194
24 24
194 194
16 16
194 194
24 24
194 194
24 24
194 194
END_IMAGE:
e-puck-2 is alive !
NEW_IMAGE:
58 58
202 202
58 58
169 169
58 58
169 169
58 58
201 201
66 66
169 169
58 58
137 137
58 58
136 136
74 74
137 137
66 66
72 72
66 66
40 40
66 66
8 8
66 66
72 72
66 66
40 40
66 66
40 40
66 66
39 39
58 58
6 6
58 58
7 7
58 58
8 8
58 58
7 7
49 49
198 198
49 49
230 230
49 49
198 198
49 49
166 166
41 41
101 101
41 41
101 101
41 41
101 101
41 41
69 69
33 33
68 68
33 33
36 36
33 33
36 36
33 33
36 36
33 33
4 4
25 25
4 4
33 33
4 4
25 25
4 4
25 25
4 4
33 33
69 69
41 41
134 134
41 41
101 101
41 41
69 69
41 41
69 69
49 49
199 199
49 49
231 231
41 41
166 166
57 57
199 199
57 57
231 231
58 58
8 8
66 66
40 40
66 66
40 40
58 58
9 9
58 58
41 41
58 58
8 8
58 58
8 8
58 58
8 8
58 58
40 40
58 58
40 40
50 50
41 41
50 50
73 73
50 50
74 74
50 50
73 73
58 58
73 73
58 58
107 107
58 58
74 74
58 58
74 74
58 58
73 73
58 58
106 106
58 58
106 106
58 58
138 138
58 58
139 139
50 50
139 139
58 58
139 139
58 58
139 139
58 58
140 140
50 50
107 107
50 50
107 107
50 50
107 107
50 50
107 107
42 42
74 74
50 50
107 107
50 50
74 74
58 58
106 106
50 50
74 74
50 50
107 107
58 58
75 75
66 66
74 74
58 58
74 74
58 58
74 74
66 66
74 74
66 66
106 106
74 74
139 139
66 66
107 107
66 66
172 172
66 66
172 172
66 66
140 140
58 58
140 140
66 66
172 172
58 58
172 172
66 66
205 205
66 66
204 204
66 66
172 172
66 66
172 172
66 66
204 204
66 66
172 172
66 66
172 172
66 66
172 172
74 74
172 172
74 74
172 172
74 74
172 172
74 74
236 236
66 66
172 172
74 74
236 236
74 74
172 172
90 90
204 204
82 82
172 172
82 82
172 172
82 82
204 204
74 74
204 204
82 82
236 236
82 82
236 236
82 82
236 236
82 82
236 236
82 82
236 236
74 74
204 204
83 83
13 13
83 83
13 13
75 75
13 13
83 83
78 78
83 83
13 13
99 99
45 45
99 99
45 45
90 90
237 237
99 99
45 45
91 91
13 13
99 99
45 45
91 91
12 12
91 91
45 45
83 83
12 12
91 91
45 45
91 91
45 45
83 83
13 13
91 91
45 45
91 91
45 45
91 91
45 45
91 91
13 13
91 91
13 13
91 91
13 13
91 91
13 13
83 83
13 13
91 91
45 45
91 91
13 13
99 99
13 13
90 90
237 237
99 99
14 14
91 91
14 14
91 91
13 13
82 82
204 204
90 90
237 237
90 90
237 237
90 90
237 237
90 90
236 236
END_IMAGE:
e-puck-2 is alive !
NEW_IMAGE:
24 24
130 130
24 24
130 130
24 24
162 162
24 24
130 130
24 24
162 162
24 24
162 162
24 24
161 161
24 24
162 162
16 16
162 162
16 16
161 161
16 16
162 162
16 16
162 162
16 16
130 130
16 16
130 130
16 16
162 162
16 16
130 130
16 16
130 130
16 16
98 98
16 16
130 130
16 16
130 130
16 16
130 130
16 16
98 98
16 16
130 130
16 16
130 130
16 16
130 130
16 16
130 130
16 16
130 130
16 16
130 130
16 16
130 130
16 16
130 130
16 16
130 130
16 16
97 97
16 16
129 129
24 24
130 130
24 24
130 130
16 16
162 162
16 16
162 162
16 16
162 162
16 16
162 162
16 16
194 194
16 16
194 194
16 16
194 194
24 24
195 195
16 16
162 162
24 24
195 195
16 16
163 163
16 16
162 162
16 16
162 162
16 16
162 162
16 16
195 195
8 8
195 195
8 8
162 162
16 16
195 195
16 16
162 162
16 16
195 195
16 16
163 163
24 24
163 163
16 16
163 163
16 16
195 195
8 8
163 163
16 16
195 195
8 8
162 162
8 8
163 163
16 16
163 163
16 16
99 99
8 8
98 98
16 16
98 98
16 16
130 130
16 16
130 130
8 8
130 130
8 8
130 130
8 8
130 130
16 16
130 130
16 16
98 98
16 16
130 130
24 24
98 98
24 24
98 98
16 16
130 130
24 24
98 98
24 24
97 97
32 32
98 98
32 32
98 98
32 32
98 98
32 32
130 130
32 32
97 97
32 32
129 129
24 24
129 129
32 32
129 129
32 32
162 162
32 32
162 162
24 24
162 162
32 32
162 162
32 32
163 163
40 40
163 163
40 40
163 163
40 40
163 163
40 40
163 163
40 40
163 163
40 40
194 194
40 40
162 162
40 40
194 194
40 40
162 162
40 40
162 162
48 48
162 162
40 40
163 163
40 40
195 195
48 48
227 227
40 40
195 195
41 41
4 4
41 41
3 3
40 40
227 227
41 41
4 4
41 41
4 4
41 41
4 4
41 41
4 4
41 41
4 4
41 41
37 37
49 49
37 37
41 41
69 69
49 49
69 69
49 49
69 69
41 41
69 69
49 49
69 69
49 49
101 101
49 49
69 69
49 49
101 101
41 41
69 69
49 49
134 134
49 49
134 134
49 49
134 134
49 49
134 134
49 49
134 134
49 49
134 134
49 49
166 166
49 49
166 166
49 49
166 166
49 49
166 166
49 49
166 166
49 49
166 166
49 49
134 134
49 49
167 167
57 57
167 167
57 57
167 167
57 57
167 167
57 57
167 167
57 57
167 167
57 57
167 167
57 57
167 167
57 57
167 167
57 57
199 199
57 57
167 167
57 57
167 167
57 57
199 199
57 57
167 167
57 57
167 167
57 57
168 168
57 57
199 199
57 57
199 199
57 57
199 199
57 57
199 199
END_IMAGE:
e-puck-2 is alive !
NEW_IMAGE:
16 16
162 162
16 16
162 162
16 16
162 162
16 16
130 130
16 16
130 130
16 16
162 162
24 24
162 162
16 16
130 130
24 24
130 130
24 24
130 130
24 24
130 130
24 24
129 129
24 24
161 161
24 24
161 161
24 24
129 129
24 24
130 130
24 24
161 161
32 32
162 162
24 24
162 162
32 32
162 162
24 24
162 162
24 24
162 162
24 24
195 195
24 24
194 194
24 24
194 194
24 24
194 194
24 24
227 227
24 24
195 195
32 32
194 194
24 24
194 194
24 24
227 227
24 24
195 195
24 24
227 227
32 32
163 163
32 32
162 162
32 32
163 163
32 32
194 194
32 32
226 226
24 24
194 194
24 24
194 194
24 24
194 194
24 24
195 195
24 24
194 194
24 24
195 195
16 16
162 162
16 16
162 162
16 16
162 162
16 16
130 130
16 16
162 162
8 8
130 130
8 8
97 97
8 8
65 65
8 8
65 65
8 8
32 32
8 8
65 65
0 0
32 32
8 8
65 65
0 0
32 32
8 8
32 32
8 8
32 32
8 8
32 32
0 0
32 32
0 0
32 32
0 0
32 32
8 8
32 32
0 0
32 32
0 0
32 32
0 0
32 32
8 8
32 32
8 8
32 32
0 0
32 32
8 8
32 32
8 8
32 32
8 8
32 32
8 8
32 32
8 8
32 32
8 8
32 32
8 8
32 32
8 8
32 32
8 8
32 32
0 0
64 64
8 8
33 33
8 8
32 32
8 8
32 32
8 8
32 32
8 8
32 32
8 8
65 65
8 8
32 32
8 8
32 32
8 8
32 32
8 8
32 32
8 8
32 32
8 8
32 32
8 8
32 32
8 8
32 32
8 8
64 64
8 8
64 64
8 8
32 32
8 8
32 32
8 8
32 32
8 8
32 32
0 0
32 32
0 0
32 32
8 8
64 64
0 0
32 32
0 0
32 32
8 8
32 32
8 8
32 32
8 8
32 32
8 8
32 32
8 8
32 32
8 8
32 32
8 8
32 32
8 8
32 32
8 8
32 32
8 8
64 64
8 8
32 32
8 8
64 64
8 8
32 32
8 8
65 65
8 8
64 64
0 0
64 64
8 8
64 64
8 8
64 64
8 8
32 32
8 8
64 64
8 8
64 64
8 8
65 65
8 8
64 64
8 8
64 64
8 8
64 64
8 8
64 64
8 8
32 32
8 8
32 32
8 8
32 32
8 8
65 65
8 8
64 64
0 0
64 64
8 8
64 64
8 8
64 64
8 8
64 64
8 8
64 64
8 8
64 64
8 8
64 64
8 8
64 64
8 8
64 64
8 8
64 64
8 8
64 64
8 8
64 64
8 8
64 64
0 0
32 32
8 8
32 32
8 8
32 32
8 8
64 64
8 8
64 64
8 8
65 65
8 8
65 65
8 8
65 65
8 8
65 65
8 8
65 65
END_IMAGE:
e-puck-2 is alive !
NEW_IMAGE:
66 66
11 11
66 66
75 75
50 50
43 43
50 50
11 11
50 50
11 11
49 49
203 203
49 49
234 234
49 49
232 232
49 49
201 201
57 57
170 170
49 49
170 170
49 49
202 202
41 41
169 169
41 41
168 168
41 41
103 103
33 33
103 103
41 41
71 71
33 33
103 103
25 25
70 70
25 25
37 37
25 25
5 5
32 32
230 230
24 24
228 228
24 24
227 227
32 32
196 196
24 24
196 196
24 24
163 163
24 24
163 163
24 24
131 131
24 24
163 163
24 24
195 195
16 16
130 130
24 24
130 130
24 24
161 161
24 24
162 162
24 24
162 162
24 24
162 162
24 24
162 162
24 24
162 162
16 16
130 130
16 16
162 162
16 16
162 162
16 16
162 162
16 16
129 129
24 24
162 162
24 24
130 130
24 24
130 130
24 24
130 130
24 24
162 162
24 24
161 161
24 24
162 162
24 24
162 162
24 24
162 162
24 24
194 194
24 24
195 195
24 24
195 195
24 24
195 195
24 24
195 195
24 24
195 195
32 32
194 194
32 32
162 162
32 32
162 162
32 32
162 162
32 32
162 162
32 32
162 162
24 24
163 163
24 24
195 195
24 24
195 195
24 24
163 163
24 24
194 194
24 24
194 194
24 24
195 195
24 24
195 195
24 24
163 163
24 24
195 195
24 24
163 163
24 24
163 163
32 32
163 163
24 24
195 195
24 24
195 195
24 24
195 195
24 24
227 227
32 32
195 195
24 24
195 195
32 32
195 195
32 32
195 195
24 24
195 195
24 24
195 195
32 32
195 195
24 24
195 195
32 32
195 195
24 24
227 227
25 25
3 3
25 25
4 4
33 33
4 4
33 33
4 4
33 33
4 4
33 33
4 4
33 33
4 4
33 33
4 4
25 25
4 4
33 33
4 4
33 33
4 4
25 25
4 4
25 25
36 36
33 33
4 4
33 33
4 4
33 33
4 4
33 33
4 4
33 33
4 4
33 33
36 36
33 33
36 36
33 33
36 36
41 41
36 36
41 41
4 4
41 41
4 4
41 41
4 4
41 41
37 37
41 41
4 4
41 41
4 4
41 41
4 4
40 40
228 228
49 49
4 4
49 49
4 4
48 48
228 228
49 49
5 5
56 56
229 229
57 57
5 5
49 49
5 5
49 49
37 37
33 33
36 36
41 41
36 36
33 33
4 4
40 40
228 228
41 41
5 5
33 33
4 4
33 33
4 4
33 33
4 4
33 33
4 4
33 33
4 4
33 33
37 37
33 33
4 4
33 33
4 4
41 41
36 36
33 33
4 4
33 33
36 36
33 33
4 4
33 33
4 4
33 33
4 4
33 33
4 4
33 33
4 4
33 33
4 4
33 33
4 4
33 33
4 4
32 32
227 227
32 32
228 228
40 40
196 196
40 40
196 196
40 40
196 196
33 33
4 4
END_IMAGE:
e-puck-2 is alive !
NEW_IMAGE:
24 24
163 163
16 16
162 162
24 24
162 162
24 24
195 195
16 16
162 162
16 16
130 130
24 24
131 131
32 32
163 163
16 16
162 162
16 16
163 163
24 24
195 195
24 24
163 163
24 24
163 163
24 24
195 195
24 24
163 163
24 24
163 163
24 24
163 163
24 24
163 163
24 24
163 163
24 24
163 163
24 24
163 163
24 24
195 195
24 24
195 195
24 24
196 196
24 24
164 164
24 24
164 164
32 32
164 164
24 24
195 195
24 24
163 163
32 32
195 195
32 32
163 163
32 32
163 163
32 32
163 163
32 32
195 195
32 32
195 195
32 32
195 195
32 32
163 163
32 32
164 164
24 24
195 195
24 24
195 195
24 24
195 195
24 24
196 196
24 24
196 196
24 24
227 227
24 24
227 227
24 24
227 227
24 24
227 227
32 32
196 196
32 32
196 196
32 32
196 196
32 32
196 196
32 32
227 227
32 32
228 228
32 32
228 228
32 32
228 228
32 32
228 228
32 32
196 196
24 24
196 196
32 32
228 228
24 24
228 228
24 24
228 228
24 24
228 228
32 32
228 228
32 32
228 228
32 32
229 229
32 32
229 229
32 32
229 229
32 32
229 229
32 32
229 229
32 32
229 229
32 32
228 228
32 32
228 228
32 32
228 228
33 33
4 4
33 33
5 5
33 33
5 5
33 33
4 4
33 33
5 5
33 33
4 4
33 33
4 4
33 33
4 4
33 33
4 4
33 33
4 4
41 41
5 5
41 41
4 4
33 33
4 4
33 33
4 4
33 33
5 5
33 33
5 5
41 41
5 5
33 33
5 5
33 33
5 5
33 33
37 37
33 33
37 37
33 33
5 5
33 33
37 37
33 33
36 36
33 33
37 37
41 41
37 37
41 41
37 37
41 41
5 5
33 33
5 5
33 33
37 37
33 33
5 5
33 33
36 36
33 33
36 36
33 33
36 36
33 33
5 5
33 33
4 4
33 33
4 4
33 33
4 4
33 33
4 4
41 41
4 4
41 41
4 4
41 41
4 4
41 41
4 4
33 33
4 4
33 33
4 4
33 33
4 4
33 33
4 4
33 33
4 4
33 33
4 4
33 33
4 4
33 33
4 4
33 33
4 4
33 33
4 4
33 33
4 4
33 33
4 4
41 41
4 4
33 33
4 4
33 33
4 4
33 33
4 4
41 41
4 4
41 41
4 4
40 40
228 228
40 40
228 228
40 40
228 228
40 40
229 229
40 40
229 229
40 40
228 228
40 40
228 228
32 32
228 228
33 33
4 4
33 33
4 4
32 32
228 228
33 33
4 4
33 33
4 4
33 33
4 4
33 33
4 4
33 33
4 4
32 32
228 228
33 33
4 4
33 33
4 4
33 33
36 36
33 33
4 4
33 33
4 4
32 32
228 228
33 33
4 4
33 33
4 4
32 32
227 227
END_IMAGE:
e-puck-2 is alive !
NEW_IMAGE:
65 65
134 134
65 65
166 166
65 65
167 167
65 65
167 167
57 57
199 199
57 57
199 199
65 65
199 199
65 65
199 199
65 65
199 199
65 65
199 199
65 65
199 199
65 65
199 199
65 65
199 199
73 73
232 232
73 73
199 199
73 73
231 231
73 73
199 199
65 65
231 231
73 73
231 231
65 65
231 231
65 65
231 231
65 65
232 232
65 65
232 232
73 73
232 232
73 73
232 232
73 73
232 232
66 66
8 8
74 74
40 40
74 74
7 7
82 82
8 8
74 74
8 8
81 81
232 232
81 81
232 232
81 81
232 232
81 81
232 232
81 81
232 232
73 73
232 232
82 82
8 8
74 74
8 8
74 74
40 40
74 74
40 40
74 74
40 40
82 82
9 9
82 82
9 9
82 82
9 9
82 82
9 9
82 82
9 9
82 82
41 41
90 90
9 9
90 90
9 9
90 90
9 9
81 81
233 233
90 90
42 42
90 90
10 10
90 90
9 9
90 90
9 9
90 90
41 41
82 82
73 73
82 82
73 73
90 90
73 73
90 90
41 41
98 98
74 74
90 90
41 41
90 90
41 41
90 90
41 41
90 90
74 74
90 90
74 74
90 90
74 74
90 90
106 106
90 90
105 105
90 90
105 105
90 90
106 106
90 90
106 106
90 90
138 138
90 90
106 106
90 90
106 106
98 98
106 106
98 98
106 106
98 98
138 138
90 90
106 106
98 98
138 138
90 90
106 106
98 98
171 171
90 90
139 139
98 98
171 171
98 98
171 171
98 98
171 171
98 98
138 138
98 98
171 171
98 98
170 170
98 98
138 138
98 98
170 170
98 98
170 170
90 90
171 171
90 90
203 203
90 90
171 171
98 98
171 171
98 98
139 139
106 106
171 171
98 98
139 139
98 98
171 171
98 98
171 171
98 98
171 171
90 90
203 203
90 90
203 203
90 90
203 203
98 98
171 171
90 90
171 171
90 90
203 203
90 90
171 171
98 98
171 171
98 98
171 171
90 90
139 139
98 98
171 171
98 98
171 171
98 98
171 171
98 98
171 171
98 98
171 171
98 98
139 139
98 98
171 171
98 98
171 171
98 98
171 171
90 90
171 171
98 98
171 171
98 98
139 139
98 98
139 139
98 98
139 139
98 98
139 139
98 98
139 139
98 98
139 139
98 98
171 171
98 98
171 171
98 98
138 138
98 98
138 138
98 98
138 138
90 90
138 138
98 98
106 106
98 98
139 139
90 90
138 138
90 90
139 139
90 90
171 171
90 90
171 171
90 90
170 170
90 90
138 138
90 90
138 138
90 90
138 138
90 90
138 138
90 90
138 138
90 90
138 138
98 98
170 170
98 98
106 106
98 98
203 203
98 98
235 235
98 98
235 235
99 99
11 11
107 107
45 45
107 107
45 45
107 107
12 12
115 115
44 44
123 123
77 77
END_IMAGE:
e-puck-2 is alive !
NEW_IMAGE:
214 214
220 220
223 223
29 29
223 223
29 29
223 223
61 61
223 223
61 61
231 231
61 61
239 239
61 61
239 239
126 126
239 239
126 126
239 239
126 126
239 239
126 126
247 247
158 158
247 247
158 158
247 247
158 158
247 247
191 191
255 255
223 223
255 255
223 223
255 255
223 223
255 255
223 223
255 255
223 223
255 255
255 255
255 255
255 255
255 255
255 255
255 255
255 255
255 255
255 255
255 255
255 255
255 255
255 255
255 255
255 255
255 255
255 255
255 255
255 255
255 255
255 255
255 255
255 255
255 255
255 255
255 255
255 255
255 255
255 255
255 255
255 255
255 255
255 255
255 255
255 255
255 255
255 255
255 255
255 255
255 255
255 255
255 255
255 255
255 255
255 255
255 255
255 255
255 255
255 255
255 255
255 255
255 255
255 255
255 255
255 255
255 255
255 255
255 255
255 255
255 255
255 255
255 255
255 255
255 255
255 255
255 255
255 255
255 255
255 255
255 255
255 255
255 255
255 255
255 255
255 255
255 255
255 255
255 255
255 255
255 255
255 255
255 255
255 255
255 255
255 255
255 255
255 255
255 255
255 255
255 255
255 255
255 255
255 255
255 255
255 255
255 255
255 255
255 255
255 255
255 255
255 255
255 255
255 255
255 255
255 255
255 255
255 255
255 255
190 190
239 239
93 93
239 239
60 60
231 231
28 28
222 222
219 219
214 214
154 154
214 214
89 89
214 214
57 57
197 197
248 248
189 189
216 216
181 181
215 215
181 181
119 119
164 164
245 245
164 164
213 213
148 148
115 115
131 131
240 240
131 131
175 175
123 123
207 207
107 107
142 142
99 99
78 78
99 99
45 45
82 82
139 139
82 82
172 172
90 90
237 237
90 90
236 236
90 90
204 204
99 99
13 13
99 99
45 45
90 90
236 236
90 90
203 203
98 98
236 236
107 107
12 12
98 98
171 171
98 98
235 235
90 90
203 203
90 90
203 203
90 90
202 202
90 90
202 202
90 90
203 203
90 90
235 235
98 98
235 235
90 90
203 203
74 74
202 202
82 82
202 202
90 90
235 235
82 82
202 202
82 82
233 233
90 90
168 168
106 106
168 168
98 98
169 169
90 90
201 201
82 82
169 169
82 82
233 233
90 90
201 201
90 90
202 202
90 90
202 202
90 90
202 202
90 90
169 169
90 90
169 169
90 90
137 137
90 90
169 169
90 90
169 169
90 90
169 169
90 90
169 169
82 82
169 169
82 82
169 169
82 82
169 169
82 82
200 200
82 82
167 167
82 82
232 232
74 74
168 168
82 82
201 201
82 82
201 201
82 82
201 201
82 82
169 169
82 82
201 201
82 82
169 169
82 82
200 200
82 82
168 168
82 82
168 168
82 82
168 168
82 82
169 169
82 82
200 200
82 82
200 200
82 82
201 201
82 82
200 200
END_IMAGE:
e-puck-2 is alive !
NEW_IMAGE:
0 0
0 0
0 0
0 0
0 0
32 32
0 0
32 32
0 0
32 32
0 0
32 32
0 0
32 32
0 0
32 32
0 0
32 32
0 0
64 64
0 0
96 96
0 0
96 96
0 0
96 96
0 0
64 64
0 0
96 96
0 0
64 64
0 0
64 64
0 0
64 64
0 0
64 64
0 0
64 64
0 0
96 96
0 0
96 96
0 0
96 96
0 0
96 96
0 0
96 96
0 0
128 128
0 0
96 96
0 0
96 96
0 0
96 96
0 0
128 128
0 0
128 128
0 0
128 128
0 0
128 128
0 0
128 128
0 0
128 128
0 0
97 97
0 0
128 128
0 0
128 128
0 0
160 160
0 0
128 128
0 0
161 161
0 0
129 129
0 0
129 129
0 0
161 161
0 0
161 161
0 0
161 161
0 0
193 193
0 0
193 193
0 0
161 161
0 0
193 193
0 0
226 226
0 0
225 225
8 8
226 226
9 9
67 67
17 17
68 68
25 25
134 134
17 17
133 133
18 18
38 38
10 10
5 5
18 18
5 5
18 18
6 6
9 9
229 229
9 9
229 229
9 9
197 197
17 17
197 197
9 9
196 196
1 1
228 228
9 9
164 164
9 9
132 132
9 9
67 67
9 9
131 131
1 1
162 162
1 1
99 99
1 1
35 35
1 1
2 2
1 1
34 34
1 1
35 35
1 1
3 3
1 1
66 66
1 1
65 65
1 1
66 66
1 1
99 99
1 1
99 99
1 1
67 67
9 9
66 66
9 9
66 66
9 9
66 66
9 9
67 67
9 9
67 67
9 9
35 35
9 9
67 67
9 9
67 67
9 9
99 99
9 9
100 100
1 1
131 131
1 1
99 99
9 9
132 132
9 9
100 100
17 17
101 101
17 17
101 101
17 17
133 133
9 9
132 132
17 17
133 133
25 25
198 198
25 25
165 165
33 33
165 165
25 25
166 166
26 26
39 39
18 18
38 38
18 18
37 37
26 26
38 38
34 34
71 71
26 26
70 70
26 26
134 134
26 26
102 102
26 26
71 71
26 26
39 39
26 26
39 39
18 18
38 38
10 10
38 38
10 10
38 38
10 10
6 6
18 18
5 5
10 10
4 4
10 10
5 5
2 2
37 37
2 2
38 38
1 1
197 197
17 17
165 165
17 17
197 197
17 17
197 197
17 17
133 133
17 17
165 165
17 17
164 164
17 17
132 132
17 17
197 197
9 9
197 197
9 9
229 229
9 9
229 229
10 10
5 5
18 18
6 6
10 10
38 38
26 26
71 71
18 18
71 71
26 26
39 39
26 26
7 7
25 25
197 197
17 17
229 229
9 9
229 229
9 9
164 164
1 1
164 164
1 1
132 132
1 1
164 164
1 1
164 164
1 1
164 164
1 1
164 164
9 9
132 132
9 9
132 132
9 9
132 132
9 9
132 132
END_IMAGE:
e-puck-2 is alive !
NEW_IMAGE:
33 33
4 4
33 33
4 4
33 33
4 4
33 33
4 4
33 33
36 36
41 41
36 36
41 41
36 36
41 41
36 36
41 41
36 36
41 41
36 36
41 41
36 36
41 41
36 36
41 41
36 36
41 41
68 68
41 41
36 36
41 41
68 68
41 41
100 100
41 41
69 69
33 33
36 36
41 41
68 68
41 41
68 68
41 41
69 69
41 41
68 68
49 49
36 36
49 49
68 68
49 49
69 69
49 49
68 68
49 49
69 69
57 57
69 69
49 49
69 69
49 49
69 69
49 49
69 69
41 41
68 68
49 49
69 69
49 49
68 68
41 41
69 69
41 41
68 68
41 41
101 101
41 41
36 36
33 33
36 36
32 32
227 227
32 32
195 195
32 32
196 196
32 32
227 227
32 32
195 195
32 32
195 195
32 32
195 195
32 32
227 227
32 32
227 227
32 32
227 227
32 32
227 227
32 32
227 227
33 33
3 3
33 33
4 4
32 32
227 227
40 40
228 228
32 32
195 195
33 33
4 4
41 41
101 101
49 49
135 135
49 49
103 103
49 49
134 134
49 49
102 102
33 33
36 36
41 41
36 36
41 41
68 68
49 49
69 69
49 49
102 102
49 49
134 134
49 49
134 134
41 41
135 135
49 49
103 103
57 57
135 135
57 57
70 70
57 57
102 102
49 49
102 102
49 49
134 134
41 41
69 69
49 49
37 37
41 41
37 37
49 49
69 69
41 41
69 69
41 41
36 36
41 41
69 69
41 41
68 68
41 41
36 36
41 41
36 36
41 41
37 37
33 33
69 69
41 41
69 69
41 41
69 69
33 33
36 36
41 41
68 68
41 41
69 69
41 41
68 68
41 41
68 68
41 41
68 68
41 41
68 68
41 41
68 68
41 41
36 36
41 41
36 36
41 41
69 69
41 41
69 69
41 41
69 69
41 41
69 69
41 41
37 37
49 49
37 37
41 41
69 69
41 41
69 69
33 33
68 68
41 41
69 69
41 41
69 69
41 41
69 69
41 41
69 69
41 41
37 37
41 41
37 37
41 41
37 37
41 41
68 68
41 41
69 69
41 41
69 69
41 41
69 69
33 33
36 36
41 41
69 69
41 41
36 36
49 49
36 36
49 49
37 37
49 49
69 69
41 41
69 69
49 49
37 37
49 49
37 37
41 41
69 69
41 41
69 69
41 41
69 69
41 41
69 69
41 41
37 37
41 41
68 68
41 41
36 36
41 41
69 69
41 41
69 69
41 41
69 69
41 41
69 69
41 41
101 101
41 41
37 37
41 41
4 4
41 41
37 37
49 49
37 37
41 41
37 37
41 41
37 37
41 41
69 69
41 41
69 69
41 41
69 69
41 41
69 69
41 41
69 69
41 41
101 101
41 41
69 69
41 41
69 69
49 49
69 69
41 41
37 37
49 49
38 38
49 49
37 37
END_IMAGE:
