e-puck-2 is alive !
NEW_IMAGE:
41 41
68 68
41 41
69 69
49 49
36 36
49 49
101 101
49 49
101 101
65 65
166 166
65 65
198 198
66 66
39 39
82 82
105 105
98 98
203 203
106 106
139 139
107 107
13 13
99 99
45 45
107 107
78 78
107 107
110 110
107 107
110 110
107 107
142 142
115 115
142 142
115 115
142 142
115 115
142 142
115 115
207 207
107 107
206 206
116 116
15 15
124 124
47 47
132 132
16 16
132 132
16 16
132 132
48 48
132 132
48 48
132 132
16 16
132 132
48 48
132 132
16 16
132 132
16 16
131 131
240 240
132 132
16 16
131 131
239 239
123 123
207 207
115 115
175 175
124 124
16 16
107 107
142 142
82 82
236 236
66 66
139 139
58 58
42 42
49 49
232 232
41 41
102 102
49 49
134 134
49 49
70 70
49 49
134 134
49 49
134 134
49 49
133 133
49 49
102 102
49 49
101 101
49 49
101 101
49 49
101 101
41 41
69 69
49 49
101 101
49 49
101 101
41 41
134 134
41 41
134 134
41 41
101 101
49 49
134 134
49 49
101 101
57 57
134 134
49 49
102 102
49 49
102 102
49 49
102 102
49 49
102 102
49 49
134 134
49 49
134 134
49 49
134 134
49 49
134 134
49 49
134 134
49 49
134 134
49 49
134 134
49 49
134 134
49 49
134 134
49 49
134 134
49 49
134 134
49 49
134 134
57 57
102 102
57 57
102 102
57 57
102 102
57 57
134 134
57 57
134 134
57 57
134 134
57 57
134 134
57 57
134 134
57 57
134 134
57 57
134 134
65 65
134 134
65 65
102 102
65 65
134 134
57 57
134 134
57 57
134 134
57 57
135 135
57 57
166 166
57 57
135 135
57 57
167 167
57 57
135 135
57 57
167 167
57 57
167 167
57 57
166 166
49 49
134 134
49 49
166 166
57 57
166 166
49 49
134 134
49 49
166 166
57 57
166 166
57 57
166 166
57 57
166 166
49 49
134 134
57 57
166 166
57 57
166 166
57 57
166 166
49 49
166 166
49 49
166 166
49 49
166 166
49 49
166 166
49 49
166 166
57 57
166 166
57 57
166 166
57 57
134 134
49 49
166 166
49 49
167 167
57 57
135 135
57 57
102 102
57 57
102 102
57 57
102 102
65 65
102 102
57 57
102 102
57 57
103 103
57 57
167 167
57 57
102 102
57 57
134 134
57 57
134 134
57 57
134 134
57 57
134 134
49 49
102 102
57 57
134 134
49 49
134 134
49 49
134 134
49 49
134 134
49 49
134 134
49 49
134 134
49 49
134 134
49 49
134 134
49 49
102 102
49 49
134 134
57 57
134 134
57 57
134 134
49 49
134 134
57 57
166 166
49 49
166 166
49 49
166 166
49 49
134 134
49 49
134 134
49 49
134 134
49 49
166 166
49 49
134 134
49 49
134 134
49 49
166 166
END_IMAGE:
e-puck-2 is alive !
NEW_IMAGE:
255 255
255 255
239 239
93 93
214 214
154 154
190 190
56 56
125 125
85 85
42 42
109 109
17 17
202 202
25 25
39 39
41 41
104 104
49 49
135 135
49 49
135 135
49 49
134 134
65 65
134 134
57 57
134 134
57 57
134 134
49 49
134 134
49 49
134 134
49 49
101 101
49 49
133 133
49 49
102 102
49 49
101 101
49 49
101 101
49 49
100 100
49 49
133 133
41 41
132 132
49 49
133 133
41 41
133 133
49 49
133 133
49 49
133 133
49 49
101 101
65 65
133 133
57 57
132 132
57 57
165 165
57 57
165 165
49 49
132 132
57 57
165 165
49 49
165 165
49 49
165 165
49 49
165 165
49 49
165 165
49 49
165 165
49 49
166 166
57 57
198 198
49 49
165 165
57 57
197 197
49 49
197 197
49 49
197 197
57 57
198 198
57 57
198 198
57 57
198 198
65 65
198 198
65 65
198 198
65 65
198 198
65 65
199 199
65 65
231 231
65 65
199 199
65 65
230 230
65 65
230 230
65 65
230 230
73 73
230 230
73 73
230 230
74 74
7 7
74 74
7 7
74 74
7 7
74 74
7 7
74 74
7 7
74 74
39 39
74 74
39 39
74 74
39 39
74 74
7 7
82 82
39 39
82 82
39 39
82 82
39 39
82 82
72 72
74 74
40 40
82 82
72 72
82 82
71 71
82 82
39 39
98 98
8 8
90 90
41 41
82 82
73 73
90 90
73 73
90 90
105 105
90 90
137 137
90 90
137 137
90 90
136 136
90 90
137 137
90 90
105 105
98 98
105 105
98 98
105 105
90 90
137 137
98 98
137 137
90 90
137 137
90 90
169 169
90 90
170 170
90 90
170 170
90 90
202 202
98 98
169 169
106 106
138 138
106 106
170 170
106 106
170 170
106 106
202 202
98 98
234 234
98 98
234 234
98 98
234 234
106 106
201 201
106 106
170 170
114 114
203 203
106 106
203 203
98 98
203 203
98 98
235 235
106 106
235 235
114 114
235 235
115 115
11 11
107 107
12 12
107 107
12 12
99 99
12 12
98 98
234 234
115 115
12 12
123 123
11 11
114 114
235 235
123 123
43 43
115 115
43 43
115 115
11 11
114 114
235 235
106 106
170 170
115 115
44 44
139 139
174 174
156 156
80 80
173 173
18 18
206 206
88 88
231 231
27 27
239 239
125 125
255 255
255 255
255 255
255 255
255 255
255 255
255 255
255 255
255 255
255 255
255 255
254 254
255 255
254 254
255 255
223 223
255 255
255 255
255 255
255 255
255 255
255 255
231 231
61 61
206 206
122 122
189 189
248 248
165 165
53 53
156 156
179 179
140 140
81 81
148 148
114 114
164 164
212 212
164 164
212 212
164 164
212 212
172 172
212 212
164 164
212 212
156 156
212 212
156 156
180 180
165 165
20 20
165 165
20 20
END_IMAGE:
e-puck-2 is alive !
NEW_IMAGE:
0 0
129 129
0 0
161 161
0 0
129 129
0 0
161 161
0 0
193 193
0 0
193 193
0 0
225 225
0 0
193 193
0 0
224 224
0 0
193 193
0 0
192 192
0 0
193 193
0 0
225 225
0 0
193 193
0 0
226 226
0 0
193 193
0 0
225 225
0 0
225 225
0 0
225 225
0 0
225 225
9 9
35 35
25 25
133 133
25 25
166 166
26 26
7 7
25 25
231 231
33 33
167 167
25 25
134 134
25 25
133 133
33 33
101 101
33 33
133 133
25 25
134 134
1 1
7 7
9 9
38 38
1 1
5 5
66 66
237 237
149 149
120 120
157 157
119 119
83 83
77 77
41 41
231 231
17 17
34 34
17 17
164 164
26 26
7 7
10 10
39 39
9 9
134 134
9 9
165 165
1 1
98 98
1 1
98 98
1 1
131 131
1 1
99 99
1 1
98 98
1 1
98 98
1 1
66 66
1 1
98 98
1 1
98 98
1 1
98 98
1 1
98 98
1 1
98 98
1 1
130 130
1 1
98 98
1 1
130 130
1 1
97 97
1 1
130 130
1 1
97 97
1 1
97 97
1 1
130 130
1 1
129 129
1 1
97 97
1 1
98 98
1 1
97 97
1 1
67 67
1 1
99 99
1 1
67 67
1 1
67 67
1 1
98 98
9 9
67 67
9 9
67 67
1 1
66 66
1 1
130 130
1 1
98 98
1 1
130 130
1 1
130 130
1 1
98 98
1 1
130 130
1 1
98 98
1 1
130 130
1 1
130 130
9 9
131 131
17 17
67 67
17 17
67 67
17 17
67 67
17 17
99 99
1 1
131 131
1 1
163 163
1 1
131 131
9 9
131 131
9 9
163 163
9 9
163 163
9 9
163 163
9 9
195 195
9 9
162 162
17 17
162 162
17 17
195 195
9 9
162 162
1 1
194 194
9 9
195 195
25 25
164 164
25 25
99 99
25 25
132 132
18 18
38 38
34 34
201 201
19 19
171 171
60 60
144 144
92 92
212 212
84 84
247 247
60 60
18 18
27 27
176 176
2 2
237 237
1 1
167 167
1 1
198 198
1 1
197 197
1 1
165 165
1 1
196 196
2 2
101 101
26 26
136 136
42 42
136 136
26 26
69 69
18 18
69 69
26 26
37 37
34 34
37 37
26 26
4 4
34 34
4 4
33 33
228 228
33 33
228 228
33 33
229 229
34 34
4 4
26 26
4 4
25 25
228 228
25 25
195 195
33 33
196 196
33 33
196 196
33 33
196 196
34 34
4 4
33 33
227 227
33 33
227 227
33 33
227 227
33 33
195 195
33 33
195 195
33 33
227 227
25 25
227 227
25 25
227 227
25 25
227 227
25 25
227 227
25 25
195 195
25 25
227 227
25 25
227 227
25 25
227 227
33 33
227 227
33 33
195 195
33 33
227 227
33 33
228 228
END_IMAGE:
e-puck-2 is alive !
NEW_IMAGE:
0 0
128 128
0 0
96 96
0 0
96 96
0 0
32 32
0 0
64 64
0 0
64 64
0 0
64 64
0 0
96 96
0 0
128 128
0 0
96 96
0 0
96 96
0 0
64 64
0 0
64 64
0 0
65 65
0 0
64 64
0 0
97 97
0 0
96 96
0 0
97 97
0 0
128 128
0 0
129 129
0 0
160 160
0 0
192 192
0 0
160 160
0 0
192 192
0 0
226 226
8 8
129 129
16 16
195 195
24 24
160 160
49 49
133 133
82 82
170 170
115 115
142 142
140 140
212 212
148 148
244 244
157 157
86 86
149 149
21 21
149 149
21 21
157 157
86 86
157 157
86 86
157 157
85 85
157 157
54 54
157 157
86 86
157 157
86 86
165 165
86 86
157 157
86 86
165 165
86 86
157 157
86 86
165 165
86 86
165 165
86 86
165 165
54 54
165 165
86 86
165 165
87 87
165 165
87 87
165 165
86 86
157 157
86 86
165 165
86 86
157 157
86 86
157 157
86 86
157 157
118 118
149 149
86 86
149 149
54 54
157 157
54 54
157 157
22 22
157 157
22 22
157 157
22 22
157 157
22 22
156 156
245 245
157 157
22 22
149 149
22 22
149 149
22 22
149 149
21 21
149 149
21 21
149 149
21 21
149 149
21 21
148 148
245 245
156 156
245 245
148 148
244 244
148 148
245 245
148 148
245 245
149 149
21 21
156 156
244 244
156 156
212 212
156 156
245 245
149 149
21 21
148 148
244 244
156 156
245 245
156 156
244 244
156 156
245 245
156 156
245 245
156 156
245 245
156 156
245 245
156 156
245 245
156 156
245 245
149 149
21 21
156 156
246 246
156 156
245 245
156 156
246 246
156 156
246 246
156 156
245 245
157 157
21 21
157 157
21 21
157 157
53 53
149 149
53 53
149 149
53 53
149 149
21 21
149 149
54 54
157 157
22 22
164 164
246 246
156 156
246 246
156 156
246 246
157 157
22 22
157 157
21 21
156 156
245 245
165 165
22 22
165 165
22 22
165 165
53 53
157 157
21 21
157 157
21 21
157 157
21 21
156 156
245 245
156 156
245 245
156 156
245 245
157 157
21 21
156 156
245 245
148 148
181 181
156 156
213 213
148 148
245 245
148 148
245 245
148 148
244 244
148 148
245 245
157 157
22 22
156 156
246 246
156 156
213 213
148 148
180 180
148 148
181 181
156 156
181 181
148 148
181 181
148 148
180 180
140 140
148 148
140 140
180 180
140 140
180 180
140 140
148 148
140 140
180 180
132 132
148 148
132 132
148 148
132 132
115 115
132 132
147 147
140 140
115 115
132 132
147 147
132 132
148 148
132 132
84 84
132 132
83 83
132 132
84 84
132 132
83 83
124 124
51 51
132 132
51 51
132 132
51 51
132 132
52 52
124 124
52 52
124 124
51 51
124 124
51 51
END_IMAGE:
e-puck-2 is alive !
NEW_IMAGE:
56 56
130 130
56 56
162 162
64 64
163 163
64 64
131 131
64 64
163 163
56 56
162 162
64 64
131 131
64 64
131 131
64 64
131 131
64 64
131 131
64 64
131 131
56 56
163 163
56 56
163 163
56 56
163 163
64 64
130 130
56 56
163 163
56 56
162 162
48 48
162 162
56 56
162 162
48 48
194 194
56 56
162 162
56 56
162 162
56 56
162 162
56 56
195 195
48 48
195 195
40 40
194 194
40 40
194 194
40 40
162 162
40 40
163 163
32 32
195 195
32 32
194 194
32 32
194 194
32 32
162 162
32 32
162 162
32 32
194 194
32 32
195 195
32 32
163 163
32 32
195 195
32 32
162 162
32 32
194 194
32 32
194 194
24 24
194 194
24 24
194 194
24 24
195 195
24 24
194 194
24 24
195 195
32 32
227 227
32 32
195 195
40 40
195 195
40 40
195 195
40 40
194 194
32 32
195 195
40 40
227 227
32 32
195 195
32 32
227 227
40 40
129 129
40 40
226 226
49 49
68 68
65 65
133 133
73 73
199 199
74 74
7 7
66 66
7 7
74 74
40 40
66 66
39 39
74 74
71 71
66 66
39 39
66 66
39 39
66 66
40 40
74 74
40 40
66 66
8 8
66 66
7 7
66 66
40 40
66 66
40 40
66 66
40 40
66 66
40 40
66 66
40 40
66 66
40 40
66 66
72 72
66 66
40 40
66 66
73 73
66 66
40 40
74 74
73 73
74 74
41 41
74 74
73 73
66 66
40 40
66 66
40 40
74 74
72 72
74 74
73 73
74 74
72 72
74 74
72 72
74 74
40 40
74 74
40 40
74 74
72 72
74 74
73 73
74 74
73 73
74 74
73 73
74 74
73 73
74 74
73 73
74 74
73 73
74 74
73 73
74 74
73 73
74 74
73 73
74 74
73 73
74 74
73 73
74 74
73 73
74 74
73 73
74 74
73 73
74 74
73 73
74 74
73 73
74 74
73 73
74 74
73 73
74 74
73 73
82 82
41 41
74 74
73 73
74 74
73 73
74 74
41 41
74 74
73 73
74 74
73 73
74 74
41 41
74 74
73 73
74 74
41 41
74 74
8 8
82 82
41 41
74 74
9 9
74 74
8 8
74 74
8 8
74 74
41 41
74 74
41 41
74 74
40 40
66 66
40 40
74 74
41 41
66 66
40 40
74 74
9 9
74 74
9 9
66 66
40 40
66 66
40 40
66 66
40 40
66 66
40 40
74 74
40 40
66 66
41 41
66 66
40 40
74 74
73 73
66 66
40 40
66 66
40 40
66 66
40 40
66 66
8 8
74 74
8 8
74 74
8 8
74 74
8 8
74 74
41 41
74 74
73 73
74 74
41 41
74 74
40 40
74 74
40 40
74 74
40 40
74 74
8 8
74 74
40 40
74 74
40 40
66 66
40 40
66 66
72 72
END_IMAGE:
e-puck-2 is alive !
NEW_IMAGE:
3 3
38 38
3 3
71 71
3 3
39 39
3 3
39 39
3 3
39 39
3 3
39 39
3 3
103 103
3 3
71 71
3 3
103 103
3 3
103 103
3 3
103 103
3 3
71 71
3 3
103 103
3 3
103 103
3 3
103 103
3 3
71 71
3 3
71 71
3 3
72 72
3 3
71 71
3 3
71 71
3 3
39 39
3 3
102 102
3 3
167 167
3 3
136 136
27 27
40 40
50 50
202 202
34 34
137 137
42 42
72 72
66 66
41 41
57 57
233 233
57 57
168 168
57 57
69 69
49 49
37 37
57 57
68 68
57 57
37 37
57 57
4 4
65 65
4 4
57 57
36 36
57 57
36 36
49 49
35 35
49 49
35 35
49 49
36 36
57 57
36 36
49 49
36 36
49 49
35 35
57 57
35 35
57 57
3 3
65 65
35 35
57 57
3 3
57 57
35 35
57 57
36 36
57 57
36 36
57 57
36 36
49 49
36 36
57 57
4 4
57 57
4 4
57 57
4 4
57 57
36 36
57 57
35 35
57 57
36 36
57 57
35 35
57 57
36 36
65 65
3 3
65 65
3 3
65 65
3 3
57 57
35 35
65 65
3 3
65 65
4 4
65 65
4 4
65 65
3 3
65 65
3 3
65 65
3 3
65 65
3 3
65 65
35 35
57 57
35 35
65 65
35 35
65 65
35 35
65 65
35 35
65 65
35 35
65 65
3 3
65 65
2 2
65 65
35 35
57 57
35 35
65 65
35 35
65 65
36 36
73 73
4 4
72 72
227 227
72 72
228 228
73 73
4 4
73 73
3 3
73 73
35 35
65 65
35 35
73 73
3 3
73 73
4 4
73 73
3 3
73 73
3 3
72 72
228 228
72 72
228 228
73 73
4 4
73 73
4 4
73 73
4 4
65 65
36 36
65 65
35 35
65 65
3 3
65 65
3 3
73 73
4 4
72 72
228 228
81 81
4 4
81 81
4 4
73 73
4 4
73 73
4 4
65 65
3 3
73 73
35 35
65 65
35 35
73 73
3 3
73 73
3 3
73 73
3 3
72 72
227 227
80 80
227 227
80 80
227 227
80 80
227 227
72 72
227 227
80 80
227 227
72 72
228 228
65 65
3 3
57 57
4 4
57 57
4 4
48 48
227 227
56 56
227 227
57 57
3 3
57 57
3 3
64 64
227 227
56 56
227 227
56 56
227 227
56 56
227 227
64 64
227 227
72 72
194 194
72 72
195 195
64 64
195 195
64 64
195 195
64 64
227 227
64 64
227 227
56 56
227 227
64 64
227 227
64 64
227 227
64 64
227 227
64 64
227 227
72 72
227 227
72 72
195 195
72 72
195 195
72 72
195 195
72 72
163 163
72 72
195 195
72 72
227 227
80 80
195 195
80 80
195 195
80 80
195 195
80 80
227 227
80 80
195 195
80 80
195 195
END_IMAGE:
e-puck-2 is alive !
NEW_IMAGE:
180 180
182 182
188 188
214 214
188 188
182 182
188 188
214 214
196 196
246 246
197 197
22 22
189 189
22 22
197 197
54 54
197 197
22 22
197 197
22 22
205 205
23 23
205 205
23 23
205 205
23 23
205 205
23 23
205 205
55 55
205 205
88 88
205 205
88 88
205 205
88 88
205 205
88 88
205 205
56 56
213 213
88 88
213 213
120 120
205 205
120 120
213 213
120 120
213 213
121 121
221 221
153 153
221 221
121 121
221 221
153 153
221 221
153 153
221 221
185 185
221 221
185 185
221 221
185 185
221 221
154 154
229 229
186 186
221 221
185 185
221 221
153 153
221 221
186 186
229 229
186 186
229 229
186 186
229 229
186 186
229 229
186 186
229 229
218 218
229 229
250 250
229 229
218 218
229 229
219 219
237 237
219 219
237 237
251 251
229 229
251 251
229 229
250 250
229 229
250 250
229 229
250 250
238 238
26 26
237 237
250 250
238 238
27 27
238 238
27 27
238 238
59 59
238 238
59 59
238 238
60 60
238 238
60 60
238 238
91 91
246 246
92 92
246 246
125 125
246 246
125 125
246 246
157 157
246 246
157 157
246 246
189 189
246 246
189 189
246 246
189 189
246 246
190 190
246 246
221 221
246 246
221 221
246 246
254 254
246 246
222 222
254 254
222 222
254 254
254 254
254 254
254 254
254 254
254 254
255 255
31 31
255 255
31 31
255 255
31 31
255 255
31 31
255 255
31 31
255 255
31 31
255 255
31 31
255 255
63 63
255 255
63 63
255 255
63 63
255 255
63 63
255 255
95 95
255 255
95 95
255 255
95 95
255 255
95 95
255 255
95 95
255 255
127 127
255 255
127 127
255 255
127 127
255 255
127 127
255 255
127 127
255 255
127 127
255 255
127 127
255 255
127 127
255 255
127 127
255 255
127 127
255 255
127 127
255 255
127 127
255 255
127 127
255 255
127 127
255 255
127 127
255 255
127 127
255 255
127 127
255 255
127 127
255 255
159 159
255 255
159 159
255 255
159 159
255 255
159 159
255 255
159 159
255 255
191 191
255 255
191 191
255 255
191 191
255 255
191 191
255 255
191 191
255 255
191 191
255 255
191 191
255 255
191 191
255 255
191 191
255 255
191 191
255 255
191 191
255 255
223 223
255 255
223 223
255 255
223 223
255 255
223 223
255 255
223 223
255 255
223 223
255 255
223 223
255 255
223 223
255 255
223 223
255 255
223 223
255 255
223 223
255 255
223 223
255 255
223 223
255 255
223 223
255 255
223 223
255 255
223 223
255 255
223 223
255 255
223 223
255 255
255 255
255 255
255 255
255 255
255 255
255 255
255 255
255 255
255 255
255 255
255 255
255 255
255 255
255 255
255 255
255 255
255 255
255 255
255 255
255 255
255 255
255 255
255 255
255 255
255 255
255 255
255 255
255 255
255 255
END_IMAGE:
e-puck-2 is alive !
NEW_IMAGE:
41 41
72 72
49 49
104 104
49 49
72 72
49 49
104 104
57 57
137 137
57 57
136 136
57 57
168 168
57 57
136 136
57 57
136 136
57 57
137 137
49 49
137 137
49 49
169 169
57 57
137 137
57 57
169 169
57 57
169 169
57 57
168 168
57 57
201 201
57 57
169 169
57 57
169 169
57 57
169 169
57 57
169 169
65 65
170 170
65 65
202 202
65 65
201 201
65 65
201 201
65 65
202 202
65 65
202 202
65 65
202 202
73 73
170 170
73 73
203 203
73 73
235 235
65 65
171 171
65 65
234 234
65 65
202 202
73 73
202 202
65 65
202 202
65 65
234 234
73 73
235 235
65 65
202 202
65 65
233 233
73 73
202 202
57 57
234 234
58 58
10 10
57 57
170 170
49 49
137 137
41 41
134 134
41 41
70 70
41 41
39 39
24 24
197 197
24 24
130 130
24 24
66 66
24 24
131 131
16 16
130 130
16 16
130 130
16 16
130 130
16 16
130 130
16 16
130 130
16 16
98 98
16 16
130 130
16 16
130 130
16 16
130 130
16 16
130 130
24 24
130 130
16 16
98 98
16 16
130 130
16 16
98 98
16 16
130 130
16 16
130 130
16 16
130 130
8 8
130 130
8 8
162 162
8 8
194 194
0 0
194 194
1 1
2 2
0 0
225 225
0 0
225 225
0 0
225 225
0 0
225 225
0 0
226 226
0 0
226 226
0 0
226 226
0 0
226 226
0 0
226 226
0 0
226 226
0 0
226 226
0 0
225 225
1 1
1 1
0 0
225 225
0 0
225 225
0 0
225 225
0 0
225 225
0 0
225 225
0 0
225 225
0 0
226 226
0 0
225 225
1 1
2 2
0 0
226 226
0 0
226 226
0 0
226 226
0 0
225 225
0 0
226 226
0 0
226 226
0 0
225 225
0 0
225 225
1 1
1 1
0 0
193 193
0 0
225 225
0 0
193 193
0 0
193 193
0 0
193 193
0 0
225 225
0 0
225 225
0 0
193 193
0 0
225 225
0 0
225 225
0 0
194 194
0 0
225 225
0 0
225 225
0 0
225 225
0 0
193 193
0 0
193 193
0 0
225 225
0 0
225 225
0 0
193 193
0 0
193 193
0 0
225 225
0 0
225 225
0 0
193 193
0 0
225 225
0 0
194 194
0 0
193 193
0 0
193 193
0 0
193 193
0 0
193 193
0 0
225 225
0 0
225 225
0 0
225 225
0 0
193 193
0 0
193 193
0 0
193 193
0 0
193 193
0 0
193 193
0 0
193 193
0 0
193 193
0 0
226 226
0 0
193 193
0 0
225 225
0 0
225 225
0 0
225 225
0 0
225 225
0 0
225 225
0 0
194 194
0 0
225 225
0 0
225 225
0 0
225 225
0 0
225 225
0 0
225 225
0 0
226 226
1 1
1 1
0 0
225 225
END_IMAGE:
e-puck-2 is alive !
NEW_IMAGE:
132 132
179 179
140 140
179 179
140 140
211 211
140 140
211 211
140 140
243 243
148 148
243 243
156 156
243 243
148 148
243 243
149 149
20 20
149 149
20 20
149 149
20 20
149 149
20 20
157 157
20 20
157 157
20 20
157 157
20 20
157 157
53 53
157 157
20 20
157 157
53 53
157 157
52 52
157 157
52 52
157 157
52 52
157 157
20 20
165 165
52 52
165 165
52 52
165 165
52 52
165 165
52 52
165 165
52 52
165 165
52 52
165 165
52 52
165 165
53 53
165 165
53 53
165 165
53 53
165 165
53 53
165 165
53 53
165 165
21 21
164 164
244 244
164 164
245 245
165 165
54 54
157 157
21 21
148 148
179 179
156 156
82 82
140 140
114 114
140 140
113 113
131 131
240 240
131 131
240 240
123 123
239 239
123 123
175 175
123 123
143 143
123 123
79 79
115 115
46 46
99 99
45 45
99 99
12 12
106 106
172 172
106 106
107 107
98 98
107 107
90 90
106 106
82 82
73 73
82 82
73 73
90 90
42 42
89 89
233 233
90 90
9 9
90 90
9 9
90 90
9 9
89 89
233 233
90 90
8 8
90 90
8 8
82 82
8 8
97 97
231 231
105 105
199 199
105 105
199 199
105 105
199 199
113 113
232 232
113 113
199 199
113 113
167 167
113 113
134 134
113 113
133 133
105 105
100 100
105 105
99 99
105 105
68 68
113 113
101 101
113 113
36 36
113 113
67 67
113 113
68 68
121 121
69 69
121 121
69 69
121 121
36 36
113 113
3 3
121 121
36 36
113 113
67 67
121 121
68 68
121 121
35 35
121 121
35 35
121 121
35 35
121 121
35 35
121 121
35 35
129 129
67 67
129 129
35 35
129 129
36 36
137 137
35 35
129 129
35 35
129 129
35 35
129 129
35 35
129 129
35 35
137 137
35 35
137 137
35 35
137 137
36 36
137 137
35 35
137 137
67 67
145 145
67 67
145 145
68 68
145 145
68 68
145 145
68 68
145 145
67 67
145 145
68 68
153 153
68 68
153 153
68 68
153 153
68 68
153 153
68 68
153 153
68 68
153 153
68 68
153 153
68 68
153 153
68 68
161 161
68 68
153 153
68 68
161 161
68 68
153 153
68 68
161 161
68 68
161 161
100 100
161 161
100 100
161 161
100 100
161 161
100 100
153 153
100 100
153 153
132 132
153 153
133 133
161 161
133 133
161 161
132 132
161 161
100 100
161 161
133 133
161 161
101 101
161 161
100 100
169 169
100 100
169 169
132 132
169 169
132 132
169 169
132 132
169 169
132 132
161 161
132 132
169 169
132 132
169 169
133 133
169 169
165 165
177 177
165 165
169 169
132 132
169 169
196 196
161 161
229 229
177 177
231 231
186 186
7 7
185 185
199 199
177 177
166 166
169 169
101 101
169 169
133 133
169 169
101 101
END_IMAGE:
e-puck-2 is alive !
NEW_IMAGE:
0 0
64 64
0 0
96 96
0 0
96 96
8 8
64 64
8 8
96 96
8 8
97 97
8 8
97 97
8 8
96 96
8 8
96 96
8 8
97 97
8 8
97 97
8 8
97 97
8 8
97 97
8 8
97 97
8 8
97 97
8 8
97 97
8 8
97 97
8 8
97 97
8 8
97 97
8 8
97 97
8 8
97 97
8 8
97 97
8 8
97 97
8 8
97 97
8 8
97 97
8 8
97 97
8 8
97 97
8 8
97 97
8 8
97 97
8 8
97 97
8 8
97 97
8 8
97 97
8 8
97 97
8 8
97 97
8 8
97 97
8 8
97 97
8 8
129 129
8 8
97 97
8 8
128 128
8 8
129 129
8 8
129 129
8 8
97 97
8 8
97 97
8 8
97 97
16 16
97 97
16 16
97 97
8 8
97 97
16 16
129 129
8 8
97 97
8 8
129 129
8 8
129 129
8 8
129 129
8 8
129 129
8 8
129 129
8 8
129 129
8 8
128 128
8 8
129 129
8 8
129 129
8 8
129 129
8 8
129 129
8 8
97 97
16 16
129 129
16 16
129 129
8 8
129 129
8 8
129 129
16 16
129 129
16 16
129 129
16 16
129 129
16 16
129 129
16 16
130 130
16 16
130 130
16 16
130 130
16 16
130 130
8 8
129 129
16 16
129 129
16 16
130 130
16 16
130 130
16 16
130 130
16 16
130 130
16 16
130 130
16 16
130 130
16 16
130 130
16 16
129 129
16 16
130 130
16 16
129 129
16 16
162 162
16 16
129 129
16 16
130 130
16 16
162 162
16 16
162 162
24 24
162 162
24 24
162 162
24 24
162 162
16 16
162 162
24 24
194 194
24 24
194 194
16 16
194 194
16 16
194 194
24 24
194 194
16 16
194 194
16 16
194 194
16 16
193 193
24 24
194 194
24 24
226 226
16 16
226 226
24 24
226 226
24 24
226 226
24 24
226 226
17 17
2 2
17 17
2 2
25 25
2 2
24 24
227 227
32 32
227 227
25 25
3 3
17 17
3 3
17 17
35 35
25 25
35 35
25 25
3 3
32 32
227 227
33 33
3 3
32 32
227 227
33 33
4 4
32 32
228 228
33 33
4 4
33 33
4 4
25 25
36 36
33 33
37 37
33 33
37 37
33 33
4 4
33 33
36 36
41 41
69 69
41 41
69 69
33 33
37 37
33 33
37 37
25 25
69 69
17 17
69 69
25 25
102 102
25 25
103 103
33 33
168 168
33 33
103 103
33 33
168 168
42 42
8 8
34 34
8 8
34 34
41 41
34 34
42 42
34 34
43 43
42 42
108 108
42 42
109 109
50 50
174 174
50 50
174 174
50 50
174 174
50 50
174 174
42 42
174 174
42 42
109 109
50 50
78 78
50 50
78 78
50 50
110 110
42 42
110 110
34 34
142 142
34 34
141 141
END_IMAGE:
e-puck-2 is alive !
NEW_IMAGE:
25 25
204 204
25 25
172 172
25 25
204 204
25 25
205 205
18 18
12 12
25 25
236 236
25 25
235 235
18 18
11 11
25 25
235 235
25 25
204 204
33 33
204 204
25 25
204 204
33 33
204 204
33 33
204 204
25 25
235 235
25 25
236 236
25 25
235 235
25 25
236 236
25 25
236 236
25 25
235 235
34 34
11 11
34 34
12 12
26 26
12 12
26 26
12 12
33 33
236 236
34 34
11 11
41 41
235 235
41 41
235 235
41 41
235 235
41 41
236 236
50 50
12 12
49 49
236 236
41 41
236 236
41 41
203 203
42 42
11 11
33 33
235 235
34 34
11 11
34 34
12 12
25 25
235 235
33 33
235 235
41 41
234 234
42 42
11 11
41 41
235 235
41 41
235 235
33 33
235 235
33 33
203 203
42 42
12 12
42 42
12 12
41 41
236 236
33 33
235 235
42 42
11 11
34 34
11 11
50 50
10 10
49 49
234 234
49 49
235 235
49 49
202 202
50 50
43 43
42 42
10 10
42 42
43 43
42 42
11 11
42 42
11 11
50 50
43 43
50 50
42 42
50 50
42 42
42 42
9 9
50 50
41 41
58 58
9 9
50 50
11 11
58 58
43 43
50 50
42 42
50 50
74 74
58 58
73 73
58 58
41 41
58 58
75 75
50 50
42 42
58 58
75 75
50 50
42 42
50 50
42 42
42 42
10 10
49 49
233 233
58 58
9 9
58 58
41 41
58 58
9 9
50 50
10 10
58 58
43 43
58 58
42 42
58 58
42 42
58 58
42 42
58 58
42 42
66 66
74 74
66 66
42 42
58 58
42 42
58 58
42 42
58 58
74 74
58 58
42 42
58 58
41 41
58 58
42 42
58 58
42 42
58 58
42 42
58 58
10 10
58 58
10 10
58 58
10 10
58 58
9 9
58 58
42 42
58 58
9 9
66 66
74 74
66 66
9 9
66 66
42 42
66 66
42 42
58 58
10 10
58 58
9 9
58 58
9 9
66 66
9 9
66 66
41 41
66 66
41 41
66 66
74 74
58 58
74 74
50 50
9 9
49 49
233 233
50 50
9 9
57 57
233 233
58 58
9 9
57 57
233 233
58 58
9 9
58 58
10 10
58 58
9 9
58 58
9 9
58 58
9 9
66 66
41 41
58 58
9 9
58 58
9 9
58 58
10 10
58 58
10 10
66 66
10 10
57 57
233 233
58 58
9 9
57 57
233 233
57 57
233 233
57 57
233 233
57 57
201 201
57 57
233 233
57 57
233 233
57 57
233 233
58 58
9 9
58 58
9 9
57 57
233 233
66 66
9 9
58 58
9 9
58 58
9 9
57 57
233 233
58 58
9 9
57 57
233 233
58 58
9 9
58 58
9 9
58 58
9 9
57 57
233 233
57 57
233 233
57 57
233 233
57 57
233 233
58 58
41 41
END_IMAGE:
e-puck-2 is alive !
NEW_IMAGE:
8 8
97 97
8 8
97 97
8 8
97 97
32 32
32 32
56 56
0 0
40 40
97 97
24 24
128 128
16 16
161 161
24 24
162 162
24 24
162 162
32 32
227 227
24 24
227 227
24 24
227 227
24 24
226 226
25 25
3 3
25 25
35 35
25 25
3 3
24 24
227 227
25 25
3 3
24 24
227 227
24 24
226 226
25 25
2 2
17 17
3 3
17 17
36 36
17 17
36 36
24 24
228 228
32 32
196 196
32 32
163 163
32 32
98 98
40 40
65 65
56 56
1 1
56 56
99 99
56 56
99 99
48 48
131 131
32 32
163 163
24 24
161 161
24 24
194 194
41 41
103 103
41 41
102 102
41 41
133 133
41 41
69 69
41 41
101 101
41 41
101 101
41 41
102 102
41 41
102 102
41 41
102 102
41 41
102 102
41 41
102 102
41 41
134 134
41 41
102 102
49 49
134 134
49 49
102 102
49 49
134 134
49 49
134 134
49 49
102 102
49 49
103 103
49 49
134 134
49 49
102 102
49 49
134 134
41 41
134 134
49 49
134 134
49 49
134 134
49 49
135 135
49 49
135 135
49 49
134 134
49 49
166 166
49 49
166 166
49 49
166 166
49 49
166 166
49 49
166 166
49 49
166 166
49 49
166 166
49 49
166 166
49 49
166 166
49 49
167 167
49 49
167 167
57 57
167 167
57 57
167 167
57 57
167 167
57 57
199 199
57 57
199 199
57 57
167 167
57 57
199 199
57 57
199 199
57 57
199 199
57 57
199 199
57 57
199 199
57 57
199 199
57 57
199 199
57 57
199 199
57 57
199 199
49 49
200 200
49 49
199 199
41 41
100 100
49 49
166 166
74 74
107 107
66 66
9 9
57 57
231 231
57 57
135 135
57 57
135 135
57 57
167 167
57 57
134 134
57 57
134 134
49 49
165 165
58 58
40 40
82 82
204 204
98 98
204 204
99 99
46 46
82 82
205 205
41 41
2 2
57 57
165 165
115 115
143 143
107 107
111 111
99 99
46 46
107 107
78 78
107 107
110 110
107 107
78 78
107 107
79 79
107 107
79 79
107 107
79 79
107 107
79 79
107 107
47 47
107 107
46 46
107 107
79 79
107 107
47 47
107 107
47 47
107 107
79 79
107 107
79 79
107 107
78 78
107 107
78 78
107 107
78 78
107 107
46 46
107 107
78 78
107 107
78 78
107 107
78 78
107 107
78 78
107 107
78 78
107 107
79 79
107 107
79 79
107 107
79 79
107 107
79 79
99 99
79 79
107 107
79 79
99 99
78 78
107 107
110 110
107 107
110 110
107 107
78 78
107 107
110 110
115 115
110 110
107 107
78 78
115 115
110 110
115 115
142 142
115 115
174 174
115 115
110 110
115 115
174 174
115 115
142 142
123 123
142 142
123 123
174 174
123 123
174 174
131 131
207 207
END_IMAGE:
e-puck-2 is alive !
NEW_IMAGE:
0 0
0 0
0 0
32 32
0 0
32 32
0 0
32 32
0 0
32 32
0 0
32 32
0 0
32 32
0 0
32 32
0 0
32 32
0 0
32 32
0 0
32 32
0 0
32 32
0 0
32 32
0 0
32 32
0 0
32 32
0 0
32 32
0 0
32 32
0 0
32 32
0 0
32 32
0 0
32 32
0 0
32 32
0 0
32 32
0 0
32 32
0 0
32 32
0 0
32 32
0 0
32 32
0 0
32 32
0 0
32 32
0 0
32 32
0 0
32 32
0 0
32 32
0 0
32 32
0 0
32 32
0 0
32 32
0 0
32 32
0 0
32 32
8 8
32 32
8 8
32 32
8 8
32 32
0 0
32 32
0 0
32 32
0 0
32 32
0 0
65 65
0 0
32 32
8 8
65 65
8 8
97 97
16 16
163 163
25 25
6 6
25 25
72 72
17 17
40 40
17 17
39 39
17 17
39 39
25 25
71 71
25 25
70 70
25 25
38 38
25 25
41 41
25 25
7 7
16 16
132 132
8 8
131 131
8 8
65 65
8 8
65 65
8 8
33 33
8 8
65 65
8 8
32 32
8 8
32 32
8 8
32 32
8 8
32 32
8 8
32 32
8 8
32 32
8 8
32 32
8 8
32 32
8 8
32 32
8 8
32 32
0 0
32 32
8 8
32 32
8 8
32 32
8 8
32 32
8 8
32 32
0 0
32 32
0 0
32 32
8 8
32 32
0 0
32 32
8 8
65 65
8 8
65 65
8 8
65 65
8 8
32 32
8 8
65 65
8 8
64 64
24 24
195 195
33 33
7 7
33 33
39 39
33 33
40 40
33 33
40 40
33 33
72 72
33 33
72 72
33 33
40 40
41 41
40 40
33 33
72 72
33 33
72 72
33 33
72 72
41 41
72 72
33 33
40 40
41 41
72 72
41 41
72 72
41 41
104 104
41 41
72 72
41 41
105 105
33 33
105 105
33 33
105 105
33 33
105 105
33 33
73 73
41 41
105 105
41 41
73 73
41 41
105 105
41 41
73 73
33 33
138 138
33 33
138 138
33 33
138 138
25 25
105 105
33 33
138 138
41 41
138 138
41 41
106 106
41 41
137 137
41 41
106 106
41 41
106 106
41 41
106 106
41 41
138 138
49 49
139 139
41 41
138 138
41 41
138 138
49 49
137 137
49 49
138 138
57 57
170 170
49 49
138 138
49 49
138 138
41 41
139 139
41 41
138 138
41 41
137 137
41 41
170 170
49 49
138 138
57 57
139 139
49 49
171 171
49 49
203 203
49 49
203 203
49 49
203 203
49 49
203 203
49 49
203 203
49 49
235 235
49 49
203 203
57 57
235 235
57 57
235 235
57 57
236 236
57 57
235 235
57 57
236 236
65 65
236 236
57 57
236 236
57 57
236 236
58 58
12 12
66 66
12 12
66 66
44 44
END_IMAGE:
e-puck-2 is alive !
NEW_IMAGE:
8 8
65 65
8 8
65 65
16 16
65 65
16 16
65 65
16 16
98 98
8 8
97 97
16 16
162 162
24 24
195 195
24 24
227 227
33 33
4 4
33 33
69 69
41 41
136 136
49 49
233 233
42 42
42 42
42 42
44 44
58 58
44 44
66 66
13 13
58 58
77 77
66 66
110 110
58 58
110 110
58 58
142 142
58 58
142 142
58 58
142 142
50 50
174 174
50 50
174 174
58 58
207 207
58 58
110 110
66 66
46 46
66 66
13 13
58 58
10 10
50 50
42 42
42 42
43 43
50 50
12 12
58 58
45 45
58 58
44 44
50 50
44 44
50 50
77 77
50 50
13 13
49 49
235 235
41 41
202 202
41 41
202 202
41 41
170 170
41 41
169 169
49 49
201 201
41 41
136 136
41 41
136 136
41 41
168 168
41 41
167 167
49 49
168 168
41 41
136 136
41 41
200 200
33 33
134 134
33 33
134 134
41 41
134 134
41 41
135 135
33 33
103 103
41 41
135 135
33 33
136 136
33 33
136 136
33 33
103 103
41 41
102 102
49 49
136 136
49 49
103 103
49 49
103 103
49 49
104 104
41 41
103 103
41 41
103 103
41 41
103 103
41 41
103 103
41 41
103 103
41 41
103 103
33 33
135 135
33 33
167 167
33 33
135 135
33 33
135 135
41 41
136 136
41 41
103 103
33 33
69 69
41 41
135 135
41 41
134 134
41 41
135 135
41 41
135 135
41 41
134 134
41 41
134 134
33 33
167 167
41 41
134 134
49 49
134 134
49 49
135 135
41 41
102 102
49 49
134 134
41 41
103 103
49 49
135 135
49 49
103 103
41 41
135 135
41 41
168 168
33 33
167 167
41 41
167 167
41 41
167 167
41 41
167 167
41 41
103 103
41 41
102 102
41 41
36 36
33 33
37 37
41 41
138 138
49 49
201 201
49 49
134 134
41 41
102 102
41 41
134 134
41 41
166 166
41 41
102 102
49 49
102 102
41 41
134 134
41 41
101 101
41 41
102 102
41 41
102 102
41 41
135 135
33 33
102 102
41 41
102 102
41 41
70 70
41 41
70 70
41 41
102 102
41 41
102 102
41 41
102 102
41 41
102 102
41 41
134 134
41 41
102 102
41 41
102 102
41 41
103 103
41 41
102 102
49 49
102 102
41 41
102 102
49 49
134 134
41 41
101 101
41 41
102 102
49 49
134 134
41 41
101 101
41 41
101 101
41 41
134 134
41 41
102 102
41 41
70 70
49 49
39 39
41 41
102 102
41 41
134 134
41 41
134 134
41 41
102 102
41 41
102 102
41 41
102 102
41 41
102 102
41 41
102 102
41 41
102 102
41 41
103 103
41 41
135 135
41 41
135 135
41 41
134 134
41 41
135 135
49 49
134 134
41 41
101 101
41 41
135 135
41 41
134 134
41 41
134 134
END_IMAGE:
e-puck-2 is alive !
NEW_IMAGE:
8 8
66 66
8 8
97 97
8 8
97 97
8 8
97 97
8 8
97 97
8 8
97 97
8 8
130 130
8 8
97 97
16 16
97 97
16 16
129 129
8 8
98 98
16 16
98 98
16 16
98 98
16 16
130 130
16 16
130 130
32 32
66 66
24 24
97 97
24 24
161 161
24 24
194 194
24 24
227 227
24 24
227 227
24 24
130 130
16 16
161 161
8 8
225 225
17 17
3 3
25 25
36 36
25 25
38 38
24 24
201 201
24 24
200 200
24 24
199 199
16 16
166 166
16 16
196 196
16 16
165 165
16 16
135 135
24 24
134 134
16 16
166 166
24 24
199 199
16 16
167 167
16 16
167 167
16 16
199 199
16 16
200 200
16 16
169 169
24 24
168 168
16 16
201 201
16 16
200 200
16 16
201 201
24 24
200 200
24 24
199 199
24 24
199 199
16 16
167 167
16 16
166 166
16 16
165 165
24 24
133 133
16 16
164 164
16 16
164 164
16 16
164 164
16 16
197 197
16 16
164 164
16 16
164 164
24 24
165 165
32 32
133 133
24 24
164 164
32 32
229 229
40 40
230 230
33 33
5 5
24 24
0 0
48 48
227 227
148 148
211 211
190 190
57 57
206 206
222 222
206 206
254 254
215 215
95 95
215 215
95 95
223 223
95 95
206 206
223 223
198 198
158 158
181 181
252 252
165 165
89 89
165 165
89 89
165 165
89 89
165 165
56 56
149 149
24 24
140 140
183 183
132 132
21 21
123 123
179 179
115 115
144 144
115 115
114 114
123 123
241 241
140 140
116 116
173 173
119 119
190 190
25 25
206 206
220 220
206 206
252 252
207 207
29 29
206 206
253 253
206 206
221 221
206 206
221 221
214 214
253 253
206 206
221 221
214 214
222 222
222 222
254 254
214 214
253 253
214 214
221 221
206 206
253 253
207 207
29 29
214 214
221 221
222 222
221 221
231 231
94 94
239 239
126 126
231 231
94 94
239 239
95 95
231 231
127 127
223 223
95 95
239 239
191 191
198 198
92 92
157 157
54 54
157 157
22 22
157 157
21 21
165 165
20 20
173 173
150 150
206 206
154 154
239 239
223 223
215 215
127 127
231 231
127 127
206 206
123 123
189 189
248 248
189 189
249 249
190 190
25 25
198 198
57 57
198 198
57 57
214 214
123 123
214 214
91 91
206 206
90 90
206 206
90 90
198 198
57 57
206 206
89 89
206 206
90 90
206 206
91 91
206 206
91 91
206 206
91 91
198 198
59 59
198 198
59 59
198 198
91 91
198 198
91 91
206 206
59 59
198 198
27 27
198 198
26 26
198 198
91 91
198 198
91 91
198 198
59 59
198 198
59 59
198 198
59 59
198 198
59 59
198 198
59 59
198 198
27 27
198 198
26 26
198 198
59 59
190 190
59 59
190 190
59 59
190 190
59 59
END_IMAGE:
