e-puck-2 is alive !
NEW_IMAGE:
73 73
198 198
73 73
231 231
65 65
232 232
65 65
232 232
66 66
8 8
66 66
8 8
74 74
8 8
74 74
8 8
81 81
232 232
74 74
8 8
74 74
8 8
74 74
8 8
74 74
8 8
74 74
9 9
74 74
9 9
74 74
9 9
74 74
9 9
73 73
233 233
81 81
233 233
73 73
232 232
81 81
233 233
82 82
8 8
81 81
232 232
81 81
232 232
81 81
232 232
81 81
233 233
74 74
8 8
81 81
232 232
89 89
232 232
89 89
232 232
97 97
232 232
89 89
232 232
89 89
232 232
82 82
8 8
82 82
8 8
82 82
9 9
82 82
8 8
82 82
40 40
82 82
8 8
82 82
40 40
74 74
8 8
74 74
41 41
74 74
41 41
82 82
41 41
90 90
40 40
82 82
40 40
90 90
73 73
90 90
40 40
90 90
40 40
82 82
8 8
90 90
9 9
90 90
9 9
90 90
41 41
90 90
41 41
90 90
41 41
90 90
41 41
90 90
41 41
82 82
41 41
90 90
41 41
90 90
41 41
90 90
41 41
90 90
41 41
90 90
106 106
90 90
42 42
90 90
41 41
82 82
74 74
82 82
106 106
82 82
41 41
98 98
9 9
98 98
74 74
98 98
73 73
90 90
105 105
82 82
106 106
98 98
74 74
98 98
41 41
98 98
42 42
106 106
42 42
98 98
74 74
98 98
73 73
98 98
41 41
106 106
74 74
98 98
106 106
98 98
106 106
98 98
74 74
98 98
74 74
98 98
106 106
98 98
138 138
98 98
106 106
106 106
74 74
106 106
74 74
98 98
74 74
106 106
106 106
98 98
74 74
98 98
74 74
106 106
106 106
106 106
106 106
106 106
106 106
98 98
106 106
98 98
106 106
106 106
74 74
106 106
74 74
106 106
74 74
106 106
74 74
106 106
74 74
106 106
106 106
106 106
106 106
106 106
106 106
98 98
138 138
98 98
138 138
98 98
138 138
106 106
107 107
98 98
106 106
106 106
139 139
98 98
138 138
98 98
138 138
98 98
138 138
98 98
138 138
98 98
138 138
98 98
138 138
98 98
138 138
98 98
138 138
98 98
107 107
106 106
107 107
106 106
107 107
106 106
75 75
106 106
107 107
106 106
107 107
106 106
107 107
106 106
107 107
98 98
107 107
90 90
171 171
98 98
106 106
98 98
106 106
106 106
74 74
114 114
74 74
114 114
74 74
114 114
42 42
114 114
74 74
106 106
106 106
106 106
106 106
98 98
138 138
98 98
138 138
98 98
138 138
98 98
170 170
90 90
170 170
90 90
106 106
90 90
138 138
90 90
106 106
98 98
138 138
90 90
171 171
90 90
170 170
82 82
138 138
90 90
138 138
90 90
138 138
90 90
138 138
90 90
139 139
90 90
171 171
90 90
138 138
98 98
106 106
106 106
138 138
END_IMAGE:
e-puck-2 is alive !
NEW_IMAGE:
57 57
199 199
57 57
199 199
57 57
199 199
57 57
199 199
57 57
232 232
57 57
199 199
65 65
232 232
66 66
8 8
73 73
232 232
73 73
232 232
73 73
232 232
65 65
232 232
66 66
8 8
65 65
232 232
66 66
8 8
65 65
232 232
65 65
232 232
66 66
8 8
74 74
8 8
74 74
8 8
74 74
8 8
74 74
8 8
74 74
8 8
74 74
8 8
66 66
8 8
66 66
8 8
66 66
8 8
66 66
8 8
74 74
40 40
74 74
40 40
66 66
41 41
66 66
8 8
66 66
41 41
74 74
41 41
74 74
41 41
74 74
41 41
82 82
9 9
74 74
41 41
74 74
41 41
74 74
41 41
74 74
41 41
74 74
41 41
74 74
42 42
74 74
41 41
74 74
42 42
74 74
42 42
74 74
41 41
74 74
41 41
74 74
42 42
82 82
42 42
74 74
41 41
74 74
73 73
74 74
73 73
74 74
73 73
74 74
73 73
74 74
73 73
74 74
41 41
74 74
41 41
74 74
73 73
82 82
73 73
90 90
41 41
82 82
42 42
74 74
74 74
74 74
74 74
74 74
74 74
74 74
74 74
82 82
73 73
74 74
105 105
74 74
106 106
74 74
106 106
74 74
106 106
74 74
106 106
74 74
106 106
82 82
106 106
82 82
73 73
90 90
106 106
82 82
106 106
82 82
74 74
82 82
106 106
82 82
106 106
82 82
106 106
82 82
106 106
82 82
138 138
82 82
138 138
82 82
138 138
82 82
106 106
82 82
106 106
82 82
106 106
82 82
106 106
82 82
74 74
90 90
74 74
90 90
106 106
82 82
138 138
82 82
138 138
82 82
138 138
82 82
138 138
82 82
138 138
82 82
138 138
82 82
138 138
82 82
138 138
74 74
138 138
74 74
138 138
82 82
138 138
74 74
106 106
82 82
138 138
82 82
138 138
82 82
138 138
90 90
106 106
90 90
106 106
90 90
106 106
90 90
106 106
90 90
138 138
90 90
138 138
82 82
138 138
82 82
138 138
90 90
171 171
82 82
138 138
82 82
138 138
82 82
138 138
82 82
138 138
82 82
138 138
82 82
138 138
82 82
138 138
82 82
170 170
90 90
138 138
90 90
171 171
90 90
138 138
90 90
170 170
90 90
170 170
90 90
138 138
90 90
171 171
90 90
171 171
90 90
171 171
90 90
171 171
90 90
138 138
98 98
139 139
98 98
138 138
98 98
107 107
98 98
139 139
98 98
139 139
90 90
139 139
90 90
106 106
98 98
139 139
98 98
139 139
90 90
139 139
90 90
171 171
90 90
171 171
98 98
139 139
98 98
139 139
98 98
139 139
98 98
139 139
98 98
171 171
90 90
203 203
90 90
171 171
98 98
171 171
98 98
171 171
98 98
171 171
98 98
171 171
98 98
203 203
90 90
203 203
END_IMAGE:
e-puck-2 is alive !
NEW_IMAGE:
245 245
95 95
253 253
127 127
253 253
95 95
253 253
127 127
253 253
159 159
253 253
159 159
253 253
191 191
253 253
191 191
253 253
191 191
253 253
159 159
253 253
159 159
253 253
127 127
253 253
127 127
253 253
127 127
253 253
127 127
253 253
127 127
253 253
127 127
253 253
127 127
253 253
127 127
253 253
127 127
253 253
127 127
253 253
127 127
253 253
159 159
253 253
159 159
253 253
159 159
253 253
159 159
253 253
159 159
245 245
126 126
245 245
158 158
245 245
158 158
245 245
158 158
253 253
127 127
253 253
127 127
253 253
95 95
253 253
95 95
245 245
94 94
245 245
94 94
245 245
94 94
245 245
94 94
245 245
62 62
245 245
94 94
237 237
94 94
237 237
94 94
229 229
30 30
237 237
62 62
237 237
62 62
237 237
29 29
237 237
29 29
236 236
254 254
236 236
253 253
236 236
253 253
236 236
253 253
228 228
253 253
228 228
221 221
228 228
221 221
220 220
188 188
220 220
188 188
220 220
156 156
220 220
124 124
220 220
91 91
220 220
123 123
220 220
91 91
220 220
91 91
220 220
91 91
212 212
58 58
212 212
58 58
204 204
58 58
212 212
58 58
212 212
26 26
204 204
26 26
196 196
25 25
187 187
248 248
195 195
248 248
196 196
23 23
188 188
23 23
188 188
23 23
179 179
247 247
179 179
150 150
187 187
183 183
179 179
183 183
179 179
182 182
179 179
182 182
171 171
182 182
171 171
181 181
163 163
181 181
171 171
149 149
171 171
117 117
171 171
85 85
171 171
84 84
163 163
116 116
155 155
147 147
147 147
147 147
155 155
147 147
147 147
115 115
147 147
115 115
139 139
114 114
147 147
147 147
139 139
82 82
139 139
81 81
139 139
50 50
139 139
50 50
130 130
240 240
131 131
16 16
123 123
15 15
123 123
15 15
122 122
239 239
123 123
15 15
114 114
239 239
115 115
15 15
106 106
206 206
106 106
237 237
106 106
205 205
106 106
173 173
98 98
205 205
90 90
172 172
90 90
205 205
90 90
172 172
82 82
171 171
82 82
138 138
82 82
138 138
74 74
106 106
74 74
105 105
74 74
105 105
74 74
105 105
74 74
106 106
74 74
106 106
74 74
106 106
74 74
106 106
74 74
106 106
74 74
106 106
74 74
105 105
74 74
73 73
74 74
73 73
74 74
73 73
74 74
105 105
74 74
73 73
74 74
105 105
74 74
105 105
74 74
105 105
74 74
105 105
66 66
73 73
66 66
105 105
58 58
73 73
66 66
105 105
58 58
73 73
66 66
73 73
66 66
73 73
74 74
105 105
66 66
73 73
66 66
73 73
66 66
105 105
66 66
105 105
66 66
105 105
66 66
73 73
66 66
73 73
66 66
73 73
66 66
73 73
66 66
105 105
66 66
105 105
58 58
105 105
END_IMAGE:
e-puck-2 is alive !
NEW_IMAGE:
33 33
198 198
33 33
199 199
33 33
166 166
33 33
198 198
33 33
198 198
33 33
198 198
41 41
230 230
41 41
166 166
41 41
166 166
41 41
198 198
41 41
166 166
41 41
166 166
41 41
166 166
33 33
198 198
33 33
198 198
41 41
199 199
41 41
199 199
41 41
167 167
41 41
199 199
41 41
199 199
41 41
167 167
49 49
166 166
49 49
198 198
49 49
166 166
49 49
198 198
49 49
198 198
49 49
198 198
49 49
166 166
49 49
167 167
49 49
200 200
41 41
200 200
41 41
200 200
49 49
232 232
41 41
199 199
49 49
199 199
49 49
231 231
41 41
199 199
41 41
199 199
41 41
231 231
41 41
198 198
49 49
199 199
49 49
231 231
49 49
199 199
41 41
199 199
49 49
231 231
49 49
231 231
49 49
231 231
49 49
231 231
49 49
231 231
49 49
231 231
49 49
231 231
49 49
231 231
57 57
231 231
49 49
231 231
49 49
231 231
49 49
232 232
49 49
232 232
49 49
199 199
57 57
231 231
58 58
7 7
58 58
7 7
58 58
8 8
58 58
7 7
58 58
7 7
66 66
8 8
66 66
8 8
66 66
8 8
89 89
135 135
113 113
136 136
114 114
8 8
146 146
236 236
179 179
208 208
171 171
144 144
203 203
211 211
203 203
114 114
219 219
212 212
211 211
212 212
211 211
212 212
212 212
21 21
220 220
21 21
220 220
53 53
220 220
54 54
220 220
86 86
220 220
54 54
236 236
55 55
236 236
88 88
228 228
88 88
236 236
88 88
236 236
88 88
236 236
119 119
236 236
152 152
236 236
185 185
236 236
185 185
236 236
153 153
236 236
185 185
236 236
217 217
236 236
217 217
236 236
218 218
244 244
219 219
244 244
219 219
244 244
251 251
244 244
251 251
236 236
251 251
228 228
250 250
237 237
58 58
237 237
58 58
237 237
27 27
245 245
59 59
245 245
60 60
245 245
28 28
245 245
60 60
245 245
28 28
245 245
92 92
253 253
125 125
245 245
124 124
245 245
124 124
245 245
93 93
245 245
93 93
253 253
93 93
253 253
93 93
253 253
93 93
253 253
126 126
253 253
126 126
253 253
158 158
253 253
158 158
253 253
158 158
253 253
190 190
253 253
190 190
253 253
190 190
253 253
191 191
253 253
223 223
253 253
223 223
253 253
223 223
253 253
223 223
253 253
223 223
253 253
223 223
253 253
255 255
253 253
255 255
253 253
255 255
253 253
255 255
253 253
255 255
253 253
255 255
254 254
31 31
253 253
255 255
253 253
255 255
254 254
31 31
254 254
31 31
254 254
31 31
254 254
31 31
254 254
31 31
254 254
63 63
254 254
63 63
254 254
95 95
254 254
95 95
254 254
95 95
254 254
95 95
254 254
95 95
254 254
95 95
254 254
95 95
254 254
95 95
END_IMAGE:
e-puck-2 is alive !
NEW_IMAGE:
9 9
229 229
17 17
229 229
17 17
196 196
10 10
4 4
10 10
36 36
2 2
4 4
10 10
4 4
10 10
5 5
17 17
196 196
17 17
230 230
9 9
229 229
9 9
229 229
10 10
5 5
2 2
5 5
2 2
37 37
2 2
37 37
10 10
37 37
2 2
37 37
2 2
69 69
2 2
36 36
2 2
37 37
2 2
37 37
2 2
5 5
10 10
5 5
10 10
5 5
18 18
37 37
18 18
5 5
18 18
5 5
25 25
229 229
25 25
229 229
18 18
5 5
18 18
5 5
18 18
5 5
18 18
5 5
18 18
5 5
18 18
5 5
18 18
5 5
18 18
6 6
10 10
37 37
10 10
37 37
10 10
6 6
10 10
38 38
10 10
70 70
10 10
69 69
10 10
37 37
2 2
70 70
2 2
70 70
10 10
70 70
10 10
38 38
10 10
70 70
10 10
69 69
10 10
69 69
10 10
69 69
10 10
70 70
18 18
38 38
25 25
198 198
18 18
38 38
18 18
38 38
18 18
38 38
18 18
38 38
26 26
6 6
18 18
38 38
18 18
38 38
18 18
6 6
18 18
38 38
18 18
6 6
18 18
38 38
18 18
38 38
18 18
70 70
18 18
70 70
26 26
38 38
26 26
38 38
26 26
38 38
26 26
38 38
26 26
37 37
18 18
69 69
18 18
69 69
18 18
37 37
26 26
70 70
18 18
38 38
26 26
70 70
18 18
70 70
18 18
70 70
18 18
70 70
10 10
102 102
26 26
38 38
34 34
6 6
34 34
38 38
34 34
38 38
26 26
39 39
26 26
71 71
18 18
71 71
18 18
102 102
18 18
102 102
18 18
70 70
18 18
103 103
18 18
135 135
18 18
102 102
18 18
102 102
18 18
70 70
26 26
70 70
18 18
70 70
18 18
70 70
18 18
70 70
18 18
70 70
26 26
38 38
26 26
37 37
26 26
70 70
18 18
70 70
18 18
70 70
18 18
70 70
18 18
70 70
18 18
37 37
34 34
70 70
34 34
37 37
26 26
134 134
10 10
134 134
10 10
134 134
26 26
102 102
10 10
102 102
10 10
102 102
10 10
102 102
18 18
101 101
18 18
101 101
18 18
101 101
18 18
69 69
18 18
70 70
18 18
70 70
18 18
70 70
18 18
70 70
26 26
70 70
18 18
70 70
26 26
70 70
18 18
70 70
18 18
70 70
18 18
69 69
18 18
69 69
10 10
101 101
18 18
70 70
10 10
70 70
10 10
102 102
10 10
102 102
10 10
102 102
10 10
70 70
10 10
102 102
10 10
101 101
18 18
69 69
10 10
101 101
2 2
69 69
10 10
69 69
18 18
69 69
18 18
37 37
18 18
69 69
10 10
69 69
10 10
101 101
10 10
69 69
10 10
38 38
18 18
38 38
18 18
38 38
18 18
38 38
END_IMAGE:
e-puck-2 is alive !
NEW_IMAGE:
41 41
197 197
41 41
165 165
49 49
198 198
49 49
166 166
49 49
198 198
49 49
230 230
49 49
198 198
49 49
230 230
49 49
198 198
49 49
198 198
49 49
166 166
49 49
198 198
49 49
198 198
49 49
231 231
49 49
230 230
41 41
231 231
41 41
231 231
41 41
231 231
49 49
230 230
49 49
230 230
49 49
231 231
49 49
230 230
49 49
230 230
49 49
231 231
49 49
230 230
57 57
231 231
57 57
231 231
57 57
198 198
65 65
230 230
58 58
6 6
50 50
39 39
49 49
230 230
57 57
230 230
58 58
38 38
49 49
230 230
57 57
230 230
58 58
6 6
58 58
7 7
50 50
7 7
42 42
6 6
42 42
6 6
50 50
7 7
49 49
231 231
41 41
230 230
50 50
6 6
57 57
230 230
57 57
198 198
57 57
231 231
49 49
230 230
42 42
7 7
42 42
7 7
41 41
230 230
49 49
230 230
57 57
231 231
57 57
230 230
58 58
6 6
57 57
230 230
50 50
6 6
50 50
39 39
49 49
198 198
57 57
231 231
58 58
7 7
42 42
39 39
42 42
39 39
34 34
70 70
42 42
6 6
50 50
38 38
50 50
39 39
50 50
39 39
42 42
39 39
42 42
39 39
42 42
39 39
50 50
71 71
42 42
39 39
42 42
39 39
50 50
39 39
50 50
39 39
50 50
39 39
50 50
71 71
50 50
71 71
50 50
38 38
58 58
7 7
58 58
38 38
58 58
39 39
58 58
39 39
58 58
7 7
58 58
8 8
58 58
8 8
58 58
8 8
58 58
7 7
65 65
231 231
66 66
71 71
42 42
70 70
50 50
70 70
50 50
71 71
50 50
71 71
50 50
71 71
58 58
39 39
58 58
39 39
58 58
7 7
58 58
6 6
58 58
71 71
50 50
39 39
50 50
39 39
50 50
39 39
50 50
71 71
50 50
39 39
50 50
39 39
50 50
39 39
50 50
39 39
50 50
39 39
58 58
39 39
58 58
7 7
58 58
39 39
50 50
7 7
50 50
39 39
50 50
39 39
50 50
103 103
50 50
71 71
42 42
103 103
42 42
103 103
42 42
103 103
42 42
135 135
42 42
103 103
50 50
71 71
50 50
72 72
50 50
104 104
50 50
103 103
50 50
103 103
50 50
103 103
50 50
103 103
58 58
104 104
50 50
71 71
50 50
103 103
50 50
103 103
50 50
103 103
58 58
72 72
50 50
104 104
42 42
104 104
34 34
104 104
34 34
136 136
34 34
168 168
34 34
168 168
42 42
136 136
42 42
136 136
50 50
104 104
50 50
71 71
50 50
104 104
50 50
71 71
50 50
104 104
50 50
104 104
50 50
104 104
50 50
104 104
34 34
136 136
26 26
168 168
42 42
136 136
50 50
103 103
42 42
136 136
42 42
136 136
42 42
102 102
END_IMAGE:
e-puck-2 is alive !
NEW_IMAGE:
65 65
38 38
73 73
38 38
73 73
38 38
65 65
6 6
73 73
38 38
81 81
6 6
89 89
6 6
89 89
6 6
89 89
6 6
89 89
6 6
81 81
6 6
72 72
229 229
80 80
230 230
80 80
198 198
80 80
230 230
80 80
229 229
81 81
5 5
65 65
38 38
65 65
70 70
64 64
229 229
80 80
230 230
81 81
6 6
81 81
38 38
81 81
38 38
81 81
70 70
81 81
38 38
81 81
38 38
81 81
38 38
81 81
38 38
81 81
38 38
81 81
38 38
81 81
39 39
81 81
39 39
81 81
38 38
81 81
38 38
89 89
38 38
89 89
38 38
81 81
38 38
89 89
38 38
81 81
6 6
89 89
38 38
81 81
38 38
73 73
103 103
65 65
103 103
65 65
135 135
73 73
71 71
81 81
39 39
81 81
71 71
81 81
71 71
73 73
102 102
73 73
102 102
73 73
102 102
73 73
102 102
73 73
135 135
81 81
102 102
81 81
102 102
73 73
102 102
73 73
102 102
81 81
102 102
81 81
103 103
81 81
71 71
81 81
103 103
81 81
71 71
81 81
70 70
73 73
70 70
73 73
103 103
73 73
102 102
73 73
134 134
73 73
102 102
73 73
102 102
81 81
102 102
73 73
102 102
73 73
102 102
73 73
134 134
73 73
70 70
73 73
103 103
81 81
71 71
81 81
71 71
81 81
103 103
81 81
135 135
73 73
167 167
81 81
167 167
81 81
136 136
73 73
136 136
73 73
200 200
73 73
167 167
81 81
135 135
81 81
135 135
81 81
167 167
81 81
168 168
81 81
168 168
73 73
168 168
73 73
200 200
73 73
168 168
73 73
168 168
73 73
200 200
81 81
201 201
81 81
168 168
81 81
168 168
81 81
168 168
73 73
168 168
73 73
168 168
81 81
168 168
73 73
200 200
65 65
200 200
73 73
168 168
81 81
168 168
81 81
200 200
73 73
167 167
81 81
167 167
89 89
135 135
89 89
167 167
97 97
168 168
89 89
200 200
81 81
199 199
73 73
200 200
66 66
8 8
73 73
199 199
81 81
167 167
81 81
200 200
73 73
232 232
73 73
232 232
73 73
232 232
65 65
232 232
73 73
200 200
73 73
200 200
81 81
168 168
81 81
169 169
81 81
169 169
81 81
201 201
81 81
232 232
73 73
200 200
73 73
232 232
81 81
167 167
89 89
135 135
89 89
135 135
89 89
167 167
81 81
167 167
81 81
167 167
74 74
8 8
66 66
8 8
65 65
200 200
73 73
232 232
65 65
200 200
65 65
232 232
73 73
232 232
65 65
200 200
73 73
167 167
81 81
200 200
81 81
200 200
81 81
200 200
81 81
232 232
73 73
232 232
66 66
8 8
58 58
8 8
65 65
232 232
65 65
199 199
73 73
232 232
73 73
232 232
65 65
232 232
END_IMAGE:
e-puck-2 is alive !
NEW_IMAGE:
57 57
5 5
64 64
229 229
80 80
197 197
80 80
198 198
80 80
197 197
80 80
230 230
72 72
230 230
80 80
229 229
80 80
229 229
80 80
229 229
80 80
229 229
81 81
5 5
72 72
229 229
73 73
5 5
73 73
5 5
72 72
229 229
80 80
230 230
72 72
229 229
81 81
6 6
80 80
229 229
80 80
229 229
80 80
229 229
80 80
229 229
80 80
230 230
80 80
229 229
80 80
230 230
80 80
230 230
80 80
230 230
80 80
229 229
81 81
6 6
81 81
6 6
73 73
6 6
73 73
38 38
73 73
6 6
81 81
6 6
73 73
6 6
73 73
38 38
73 73
6 6
81 81
6 6
73 73
6 6
73 73
6 6
73 73
6 6
73 73
6 6
81 81
6 6
80 80
230 230
73 73
38 38
57 57
102 102
73 73
38 38
81 81
6 6
81 81
38 38
81 81
38 38
73 73
38 38
81 81
38 38
81 81
6 6
81 81
38 38
73 73
38 38
65 65
70 70
65 65
70 70
65 65
70 70
73 73
70 70
73 73
6 6
81 81
38 38
81 81
38 38
81 81
37 37
81 81
70 70
81 81
37 37
81 81
38 38
73 73
38 38
73 73
70 70
73 73
38 38
73 73
102 102
73 73
70 70
73 73
70 70
73 73
70 70
73 73
70 70
73 73
6 6
81 81
71 71
81 81
38 38
81 81
70 70
81 81
70 70
73 73
102 102
73 73
70 70
89 89
38 38
81 81
38 38
81 81
38 38
73 73
102 102
57 57
103 103
73 73
71 71
81 81
71 71
73 73
104 104
65 65
135 135
65 65
103 103
73 73
71 71
65 65
103 103
65 65
102 102
73 73
102 102
81 81
70 70
81 81
38 38
89 89
70 70
89 89
6 6
97 97
6 6
97 97
39 39
97 97
7 7
97 97
6 6
105 105
39 39
113 113
39 39
113 113
39 39
113 113
40 40
121 121
40 40
121 121
41 41
113 113
73 73
121 121
74 74
121 121
73 73
105 105
104 104
97 97
104 104
97 97
104 104
97 97
104 104
89 89
104 104
89 89
103 103
97 97
71 71
97 97
71 71
89 89
72 72
89 89
72 72
89 89
71 71
89 89
71 71
89 89
103 103
89 89
103 103
89 89
103 103
97 97
103 103
89 89
103 103
81 81
135 135
89 89
135 135
89 89
135 135
89 89
71 71
89 89
103 103
89 89
103 103
89 89
103 103
81 81
103 103
81 81
135 135
89 89
103 103
97 97
72 72
97 97
72 72
105 105
72 72
89 89
72 72
89 89
104 104
89 89
103 103
81 81
103 103
89 89
135 135
97 97
103 103
89 89
135 135
89 89
104 104
89 89
105 105
89 89
136 136
89 89
104 104
97 97
103 103
97 97
103 103
97 97
104 104
97 97
105 105
97 97
104 104
113 113
105 105
END_IMAGE:
e-puck-2 is alive !
NEW_IMAGE:
88 88
197 197
88 88
230 230
80 80
229 229
80 80
229 229
81 81
6 6
80 80
230 230
88 88
230 230
88 88
230 230
96 96
230 230
88 88
230 230
89 89
6 6
89 89
6 6
89 89
6 6
89 89
6 6
88 88
230 230
81 81
6 6
81 81
38 38
73 73
6 6
81 81
6 6
81 81
6 6
81 81
6 6
81 81
7 7
81 81
6 6
81 81
6 6
89 89
6 6
89 89
6 6
81 81
6 6
89 89
6 6
88 88
230 230
104 104
231 231
104 104
230 230
104 104
230 230
96 96
230 230
97 97
6 6
89 89
38 38
96 96
198 198
104 104
230 230
97 97
6 6
81 81
71 71
81 81
39 39
89 89
7 7
89 89
39 39
89 89
7 7
89 89
39 39
97 97
7 7
89 89
7 7
89 89
39 39
89 89
7 7
97 97
7 7
97 97
7 7
89 89
39 39
89 89
39 39
89 89
39 39
81 81
38 38
89 89
7 7
89 89
7 7
89 89
39 39
97 97
40 40
89 89
39 39
97 97
7 7
97 97
7 7
97 97
7 7
97 97
39 39
97 97
6 6
97 97
7 7
89 89
71 71
81 81
103 103
89 89
38 38
97 97
6 6
97 97
71 71
89 89
38 38
89 89
38 38
89 89
39 39
89 89
39 39
97 97
7 7
97 97
40 40
89 89
71 71
89 89
71 71
89 89
39 39
89 89
70 70
89 89
70 70
97 97
71 71
97 97
38 38
97 97
38 38
97 97
39 39
97 97
39 39
89 89
38 38
89 89
71 71
81 81
102 102
81 81
70 70
89 89
71 71
89 89
72 72
89 89
71 71
81 81
103 103
81 81
103 103
81 81
103 103
81 81
71 71
89 89
40 40
89 89
39 39
89 89
39 39
89 89
39 39
89 89
39 39
81 81
71 71
81 81
71 71
81 81
71 71
81 81
38 38
81 81
38 38
81 81
38 38
81 81
38 38
97 97
6 6
96 96
198 198
97 97
39 39
81 81
71 71
89 89
71 71
89 89
71 71
89 89
71 71
81 81
71 71
81 81
71 71
81 81
70 70
81 81
70 70
81 81
70 70
81 81
71 71
81 81
70 70
81 81
103 103
81 81
103 103
73 73
103 103
73 73
103 103
73 73
103 103
81 81
71 71
81 81
71 71
81 81
70 70
81 81
70 70
73 73
70 70
73 73
102 102
81 81
102 102
73 73
102 102
73 73
102 102
65 65
102 102
73 73
103 103
73 73
103 103
73 73
103 103
65 65
102 102
73 73
135 135
65 65
103 103
65 65
135 135
57 57
102 102
65 65
134 134
65 65
134 134
73 73
102 102
65 65
102 102
65 65
102 102
65 65
135 135
65 65
134 134
65 65
134 134
65 65
134 134
65 65
135 135
65 65
102 102
65 65
134 134
65 65
102 102
65 65
135 135
END_IMAGE:
e-puck-2 is alive !
NEW_IMAGE:
73 73
5 5
73 73
37 37
73 73
38 38
73 73
38 38
73 73
70 70
73 73
38 38
80 80
230 230
89 89
6 6
89 89
6 6
89 89
6 6
89 89
6 6
89 89
38 38
81 81
6 6
81 81
39 39
73 73
70 70
73 73
6 6
81 81
38 38
81 81
38 38
81 81
38 38
81 81
38 38
81 81
38 38
81 81
38 38
81 81
70 70
81 81
70 70
89 89
38 38
81 81
6 6
89 89
39 39
89 89
39 39
89 89
7 7
89 89
7 7
89 89
39 39
89 89
39 39
89 89
71 71
81 81
38 38
89 89
38 38
89 89
38 38
89 89
38 38
89 89
38 38
89 89
38 38
81 81
38 38
81 81
70 70
81 81
38 38
81 81
38 38
81 81
39 39
81 81
39 39
81 81
39 39
81 81
7 7
89 89
7 7
89 89
39 39
81 81
39 39
73 73
38 38
81 81
71 71
81 81
71 71
81 81
70 70
81 81
38 38
81 81
70 70
81 81
70 70
73 73
102 102
65 65
103 103
81 81
70 70
89 89
38 38
89 89
39 39
89 89
38 38
89 89
38 38
89 89
39 39
89 89
71 71
89 89
39 39
89 89
71 71
81 81
71 71
73 73
38 38
73 73
71 71
73 73
102 102
73 73
102 102
73 73
103 103
73 73
71 71
81 81
71 71
81 81
38 38
89 89
71 71
81 81
71 71
73 73
103 103
73 73
103 103
73 73
103 103
81 81
71 71
81 81
71 71
81 81
103 103
81 81
71 71
81 81
103 103
81 81
72 72
81 81
72 72
73 73
104 104
73 73
136 136
73 73
104 104
81 81
72 72
81 81
71 71
81 81
71 71
81 81
72 72
81 81
71 71
73 73
71 71
81 81
71 71
73 73
102 102
81 81
70 70
73 73
70 70
73 73
70 70
73 73
70 70
73 73
70 70
65 65
70 70
65 65
70 70
73 73
70 70
81 81
71 71
81 81
38 38
81 81
71 71
73 73
39 39
73 73
71 71
73 73
103 103
73 73
71 71
73 73
103 103
73 73
103 103
73 73
103 103
81 81
71 71
81 81
70 70
81 81
70 70
73 73
102 102
81 81
102 102
73 73
103 103
73 73
102 102
73 73
135 135
73 73
134 134
65 65
134 134
65 65
134 134
65 65
166 166
65 65
134 134
65 65
134 134
65 65
134 134
57 57
135 135
57 57
134 134
57 57
134 134
65 65
102 102
65 65
134 134
57 57
134 134
57 57
134 134
65 65
102 102
65 65
103 103
65 65
135 135
57 57
167 167
49 49
167 167
49 49
166 166
49 49
134 134
49 49
134 134
49 49
134 134
49 49
166 166
57 57
134 134
57 57
134 134
65 65
134 134
57 57
102 102
57 57
134 134
57 57
134 134
57 57
134 134
65 65
134 134
57 57
135 135
49 49
135 135
END_IMAGE:
e-puck-2 is alive !
NEW_IMAGE:
65 65
102 102
73 73
103 103
73 73
103 103
73 73
103 103
65 65
134 134
65 65
167 167
65 65
135 135
73 73
167 167
73 73
135 135
81 81
135 135
81 81
135 135
73 73
135 135
81 81
135 135
73 73
135 135
73 73
135 135
73 73
135 135
65 65
167 167
65 65
167 167
73 73
135 135
65 65
135 135
65 65
167 167
73 73
135 135
73 73
167 167
73 73
134 134
73 73
135 135
73 73
135 135
81 81
167 167
73 73
167 167
73 73
167 167
73 73
167 167
81 81
167 167
81 81
167 167
81 81
167 167
81 81
167 167
81 81
167 167
81 81
167 167
81 81
167 167
81 81
135 135
81 81
135 135
81 81
135 135
73 73
135 135
73 73
199 199
73 73
167 167
73 73
167 167
81 81
168 168
73 73
167 167
73 73
167 167
73 73
167 167
73 73
167 167
81 81
168 168
81 81
168 168
81 81
168 168
81 81
168 168
81 81
168 168
81 81
168 168
81 81
167 167
81 81
167 167
73 73
200 200
65 65
200 200
65 65
200 200
73 73
200 200
73 73
168 168
81 81
168 168
81 81
168 168
81 81
168 168
81 81
200 200
73 73
232 232
73 73
200 200
73 73
231 231
73 73
199 199
73 73
231 231
73 73
199 199
81 81
199 199
81 81
200 200
81 81
199 199
81 81
167 167
81 81
199 199
81 81
199 199
89 89
167 167
97 97
167 167
105 105
167 167
89 89
199 199
81 81
232 232
81 81
167 167
81 81
200 200
81 81
200 200
73 73
232 232
81 81
200 200
81 81
168 168
89 89
201 201
81 81
200 200
81 81
233 233
73 73
232 232
73 73
232 232
73 73
232 232
81 81
232 232
81 81
200 200
81 81
200 200
81 81
232 232
81 81
232 232
73 73
232 232
73 73
232 232
74 74
8 8
73 73
232 232
73 73
232 232
73 73
232 232
81 81
232 232
81 81
200 200
81 81
232 232
81 81
200 200
81 81
232 232
89 89
200 200
89 89
200 200
89 89
200 200
81 81
200 200
81 81
232 232
81 81
232 232
74 74
9 9
66 66
8 8
66 66
8 8
66 66
8 8
65 65
232 232
81 81
232 232
66 66
41 41
66 66
8 8
66 66
8 8
81 81
232 232
73 73
232 232
81 81
232 232
73 73
232 232
66 66
8 8
65 65
232 232
66 66
8 8
66 66
8 8
66 66
8 8
65 65
232 232
65 65
232 232
73 73
232 232
81 81
200 200
81 81
232 232
73 73
232 232
73 73
232 232
74 74
8 8
73 73
232 232
73 73
232 232
73 73
232 232
73 73
233 233
73 73
233 233
73 73
232 232
73 73
233 233
66 66
8 8
73 73
232 232
65 65
232 232
66 66
8 8
65 65
231 231
74 74
8 8
73 73
231 231
65 65
231 231
65 65
232 232
66 66
8 8
END_IMAGE:
e-puck-2 is alive !
NEW_IMAGE:
65 65
69 69
65 65
101 101
65 65
101 101
65 65
102 102
65 65
102 102
65 65
102 102
65 65
102 102
73 73
102 102
81 81
70 70
65 65
134 134
57 57
134 134
57 57
134 134
57 57
102 102
57 57
70 70
65 65
102 102
65 65
102 102
73 73
102 102
65 65
102 102
65 65
134 134
65 65
101 101
65 65
133 133
65 65
134 134
73 73
101 101
73 73
100 100
73 73
101 101
73 73
102 102
73 73
134 134
73 73
102 102
73 73
102 102
65 65
134 134
57 57
166 166
65 65
134 134
65 65
102 102
73 73
134 134
73 73
102 102
73 73
102 102
65 65
134 134
65 65
134 134
65 65
134 134
57 57
166 166
57 57
166 166
57 57
166 166
65 65
166 166
65 65
166 166
73 73
166 166
65 65
166 166
57 57
166 166
65 65
166 166
73 73
134 134
73 73
166 166
73 73
166 166
65 65
199 199
57 57
199 199
57 57
198 198
57 57
198 198
57 57
198 198
65 65
166 166
65 65
166 166
65 65
134 134
73 73
166 166
73 73
166 166
73 73
166 166
73 73
166 166
65 65
134 134
73 73
134 134
73 73
134 134
73 73
134 134
73 73
134 134
73 73
166 166
73 73
166 166
73 73
166 166
65 65
166 166
65 65
166 166
65 65
166 166
65 65
166 166
65 65
166 166
57 57
166 166
57 57
166 166
65 65
166 166
65 65
166 166
65 65
166 166
65 65
166 166
73 73
166 166
65 65
134 134
73 73
166 166
65 65
166 166
65 65
166 166
65 65
199 199
57 57
199 199
65 65
166 166
65 65
166 166
65 65
199 199
65 65
199 199
57 57
199 199
65 65
198 198
65 65
231 231
57 57
198 198
65 65
198 198
65 65
166 166
65 65
198 198
57 57
198 198
65 65
198 198
65 65
199 199
65 65
199 199
65 65
199 199
65 65
166 166
73 73
198 198
65 65
199 199
65 65
199 199
65 65
199 199
65 65
231 231
65 65
231 231
65 65
199 199
57 57
199 199
57 57
199 199
57 57
198 198
57 57
166 166
57 57
166 166
57 57
166 166
57 57
166 166
57 57
166 166
49 49
134 134
57 57
166 166
57 57
134 134
57 57
166 166
57 57
199 199
57 57
199 199
65 65
231 231
57 57
231 231
57 57
231 231
57 57
231 231
57 57
231 231
65 65
231 231
57 57
199 199
57 57
231 231
57 57
231 231
57 57
199 199
57 57
199 199
57 57
199 199
57 57
199 199
57 57
198 198
57 57
230 230
57 57
230 230
57 57
230 230
57 57
230 230
57 57
198 198
57 57
230 230
57 57
230 230
57 57
231 231
49 49
231 231
49 49
231 231
49 49
231 231
49 49
231 231
57 57
198 198
65 65
198 198
57 57
230 230
57 57
230 230
57 57
230 230
49 49
230 230
49 49
230 230
END_IMAGE:
e-puck-2 is alive !
NEW_IMAGE:
57 57
102 102
57 57
102 102
65 65
70 70
65 65
102 102
65 65
102 102
65 65
134 134
57 57
134 134
57 57
134 134
57 57
134 134
65 65
102 102
73 73
102 102
73 73
102 102
73 73
70 70
81 81
70 70
81 81
70 70
73 73
70 70
65 65
102 102
65 65
102 102
65 65
134 134
65 65
134 134
73 73
102 102
65 65
134 134
57 57
134 134
57 57
134 134
57 57
166 166
57 57
166 166
57 57
166 166
57 57
134 134
65 65
134 134
65 65
135 135
57 57
167 167
65 65
134 134
73 73
134 134
73 73
135 135
65 65
135 135
65 65
167 167
65 65
167 167
57 57
167 167
65 65
167 167
65 65
167 167
65 65
134 134
65 65
167 167
57 57
167 167
57 57
167 167
57 57
167 167
65 65
167 167
73 73
167 167
73 73
166 166
73 73
166 166
73 73
134 134
81 81
134 134
81 81
134 134
81 81
135 135
81 81
135 135
81 81
134 134
73 73
167 167
65 65
199 199
65 65
199 199
65 65
199 199
65 65
199 199
57 57
199 199
65 65
167 167
73 73
166 166
73 73
167 167
73 73
167 167
73 73
167 167
73 73
167 167
73 73
199 199
73 73
199 199
73 73
199 199
73 73
167 167
73 73
167 167
73 73
167 167
65 65
166 166
73 73
167 167
73 73
167 167
73 73
167 167
81 81
199 199
73 73
167 167
65 65
199 199
57 57
231 231
65 65
231 231
73 73
231 231
65 65
231 231
65 65
231 231
65 65
231 231
65 65
231 231
65 65
231 231
65 65
231 231
57 57
231 231
57 57
231 231
57 57
231 231
65 65
231 231
65 65
231 231
65 65
199 199
65 65
231 231
65 65
232 232
65 65
231 231
73 73
199 199
73 73
199 199
73 73
199 199
73 73
231 231
65 65
231 231
65 65
231 231
65 65
231 231
66 66
7 7
66 66
7 7
66 66
8 8
66 66
8 8
66 66
7 7
66 66
7 7
65 65
231 231
65 65
231 231
66 66
7 7
65 65
231 231
65 65
231 231
65 65
231 231
66 66
7 7
66 66
7 7
65 65
232 232
66 66
7 7
65 65
231 231
73 73
231 231
73 73
231 231
73 73
231 231
65 65
232 232
66 66
8 8
66 66
7 7
66 66
7 7
66 66
7 7
66 66
7 7
74 74
8 8
65 65
231 231
66 66
7 7
65 65
231 231
65 65
231 231
65 65
232 232
65 65
232 232
57 57
232 232
57 57
232 232
66 66
8 8
58 58
8 8
58 58
8 8
58 58
8 8
58 58
7 7
58 58
7 7
57 57
231 231
66 66
7 7
66 66
7 7
58 58
7 7
58 58
7 7
66 66
8 8
65 65
231 231
66 66
7 7
66 66
7 7
66 66
8 8
73 73
232 232
66 66
8 8
66 66
41 41
66 66
8 8
END_IMAGE:
e-puck-2 is alive !
NEW_IMAGE:
57 57
5 5
57 57
5 5
65 65
5 5
65 65
6 6
65 65
6 6
65 65
38 38
65 65
37 37
65 65
69 69
65 65
69 69
65 65
69 69
65 65
38 38
65 65
70 70
57 57
70 70
57 57
70 70
57 57
70 70
57 57
70 70
57 57
69 69
57 57
70 70
57 57
70 70
57 57
38 38
57 57
70 70
65 65
37 37
57 57
69 69
65 65
37 37
65 65
37 37
65 65
5 5
65 65
37 37
57 57
37 37
57 57
69 69
57 57
69 69
57 57
69 69
57 57
37 37
65 65
37 37
65 65
37 37
65 65
37 37
65 65
38 38
65 65
38 38
65 65
38 38
57 57
37 37
57 57
69 69
57 57
69 69
57 57
70 70
57 57
38 38
57 57
38 38
57 57
38 38
65 65
38 38
65 65
38 38
57 57
70 70
57 57
69 69
57 57
70 70
57 57
69 69
57 57
101 101
57 57
101 101
57 57
69 69
57 57
69 69
57 57
69 69
57 57
69 69
49 49
101 101
49 49
101 101
49 49
101 101
57 57
101 101
57 57
101 101
57 57
69 69
57 57
70 70
57 57
70 70
57 57
101 101
57 57
70 70
57 57
102 102
57 57
102 102
57 57
102 102
57 57
102 102
57 57
70 70
65 65
102 102
57 57
134 134
49 49
134 134
57 57
134 134
57 57
134 134
57 57
134 134
57 57
134 134
57 57
134 134
57 57
102 102
57 57
134 134
57 57
134 134
57 57
134 134
49 49
134 134
49 49
134 134
49 49
134 134
49 49
134 134
65 65
102 102
65 65
135 135
57 57
134 134
49 49
166 166
49 49
166 166
57 57
166 166
57 57
134 134
57 57
166 166
57 57
134 134
57 57
134 134
57 57
166 166
57 57
134 134
65 65
134 134
65 65
166 166
57 57
166 166
57 57
166 166
57 57
166 166
57 57
166 166
57 57
166 166
57 57
167 167
57 57
167 167
57 57
167 167
57 57
166 166
57 57
166 166
57 57
166 166
57 57
134 134
57 57
134 134
57 57
134 134
49 49
166 166
57 57
167 167
49 49
134 134
57 57
166 166
49 49
166 166
49 49
166 166
49 49
166 166
57 57
167 167
49 49
166 166
49 49
166 166
49 49
166 166
49 49
166 166
49 49
166 166
49 49
166 166
49 49
166 166
49 49
166 166
49 49
166 166
49 49
166 166
41 41
166 166
49 49
134 134
49 49
166 166
49 49
166 166
49 49
166 166
49 49
166 166
49 49
166 166
49 49
166 166
49 49
166 166
49 49
166 166
49 49
166 166
49 49
166 166
49 49
166 166
49 49
166 166
49 49
166 166
49 49
166 166
49 49
166 166
49 49
166 166
49 49
166 166
49 49
166 166
49 49
166 166
49 49
166 166
49 49
166 166
49 49
166 166
49 49
166 166
49 49
166 166
END_IMAGE:
e-puck-2 is alive !
NEW_IMAGE:
57 57
134 134
65 65
134 134
65 65
135 135
73 73
167 167
73 73
134 134
73 73
134 134
65 65
199 199
65 65
134 134
81 81
134 134
81 81
102 102
81 81
134 134
73 73
167 167
65 65
167 167
65 65
167 167
73 73
167 167
65 65
167 167
65 65
167 167
65 65
167 167
65 65
135 135
65 65
135 135
73 73
167 167
73 73
135 135
73 73
134 134
73 73
102 102
73 73
134 134
73 73
134 134
73 73
102 102
81 81
102 102
81 81
103 103
81 81
103 103
81 81
167 167
73 73
167 167
73 73
167 167
73 73
167 167
73 73
166 166
73 73
166 166
73 73
166 166
73 73
166 166
73 73
166 166
65 65
199 199
73 73
167 167
73 73
167 167
73 73
167 167
73 73
167 167
73 73
167 167
73 73
167 167
73 73
167 167
73 73
167 167
73 73
167 167
73 73
167 167
81 81
167 167
81 81
167 167
81 81
135 135
81 81
167 167
73 73
167 167
73 73
167 167
73 73
167 167
65 65
199 199
65 65
199 199
73 73
199 199
73 73
167 167
73 73
199 199
65 65
200 200
65 65
200 200
73 73
199 199
65 65
199 199
65 65
200 200
73 73
200 200
81 81
200 200
73 73
200 200
73 73
232 232
73 73
231 231
73 73
231 231
73 73
231 231
73 73
199 199
81 81
231 231
81 81
232 232
81 81
232 232
81 81
200 200
81 81
232 232
81 81
232 232
82 82
8 8
81 81
233 233
89 89
201 201
89 89
200 200
82 82
8 8
74 74
8 8
81 81
233 233
81 81
233 233
81 81
233 233
89 89
233 233
89 89
233 233
89 89
233 233
90 90
9 9
89 89
233 233
81 81
233 233
81 81
232 232
82 82
9 9
82 82
8 8
82 82
41 41
74 74
41 41
66 66
8 8
74 74
9 9
74 74
9 9
74 74
9 9
74 74
8 8
81 81
233 233
74 74
9 9
74 74
9 9
74 74
9 9
73 73
232 232
74 74
8 8
74 74
8 8
82 82
8 8
82 82
8 8
74 74
9 9
74 74
9 9
66 66
9 9
65 65
232 232
65 65
232 232
65 65
232 232
65 65
232 232
65 65
232 232
74 74
8 8
74 74
8 8
73 73
232 232
73 73
232 232
73 73
232 232
73 73
232 232
73 73
232 232
74 74
8 8
74 74
8 8
73 73
232 232
73 73
232 232
73 73
232 232
66 66
8 8
66 66
8 8
66 66
8 8
66 66
8 8
66 66
8 8
66 66
8 8
66 66
8 8
66 66
8 8
66 66
8 8
66 66
8 8
66 66
8 8
66 66
7 7
66 66
7 7
66 66
8 8
66 66
8 8
66 66
8 8
66 66
8 8
66 66
8 8
66 66
8 8
66 66
8 8
66 66
8 8
66 66
8 8
66 66
8 8
66 66
8 8
66 66
8 8
END_IMAGE:
