e-puck-2 is alive !
NEW_IMAGE:
41 41
167 167
41 41
167 167
49 49
167 167
49 49
135 135
49 49
167 167
49 49
167 167
49 49
167 167
49 49
167 167
49 49
199 199
49 49
167 167
49 49
199 199
49 49
199 199
49 49
199 199
49 49
199 199
49 49
199 199
49 49
199 199
49 49
199 199
41 41
199 199
49 49
200 200
49 49
200 200
49 49
200 200
49 49
199 199
49 49
231 231
49 49
199 199
57 57
199 199
57 57
199 199
57 57
200 200
49 49
200 200
57 57
232 232
49 49
200 200
49 49
200 200
57 57
200 200
57 57
200 200
57 57
199 199
57 57
199 199
57 57
200 200
57 57
200 200
49 49
200 200
57 57
232 232
49 49
199 199
57 57
231 231
49 49
231 231
49 49
232 232
49 49
232 232
49 49
232 232
49 49
233 233
49 49
232 232
49 49
232 232
57 57
233 233
49 49
200 200
49 49
232 232
49 49
199 199
49 49
167 167
49 49
136 136
49 49
135 135
41 41
103 103
49 49
134 134
49 49
134 134
41 41
102 102
41 41
134 134
41 41
134 134
49 49
134 134
49 49
102 102
49 49
102 102
49 49
102 102
41 41
102 102
49 49
134 134
49 49
134 134
49 49
134 134
49 49
166 166
49 49
167 167
49 49
167 167
57 57
167 167
57 57
167 167
57 57
167 167
57 57
200 200
49 49
199 199
49 49
199 199
57 57
167 167
57 57
200 200
57 57
167 167
49 49
199 199
49 49
199 199
49 49
199 199
57 57
199 199
49 49
167 167
49 49
167 167
49 49
135 135
49 49
103 103
49 49
102 102
41 41
102 102
41 41
102 102
41 41
102 102
41 41
134 134
41 41
102 102
49 49
133 133
49 49
134 134
49 49
133 133
49 49
166 166
49 49
166 166
49 49
134 134
49 49
102 102
49 49
134 134
49 49
134 134
49 49
102 102
49 49
134 134
49 49
134 134
49 49
167 167
49 49
102 102
41 41
101 101
41 41
101 101
41 41
69 69
41 41
69 69
41 41
69 69
41 41
69 69
41 41
69 69
41 41
69 69
41 41
69 69
41 41
101 101
49 49
101 101
49 49
101 101
49 49
101 101
49 49
101 101
49 49
101 101
49 49
69 69
57 57
102 102
49 49
134 134
49 49
134 134
49 49
134 134
49 49
102 102
49 49
134 134
49 49
134 134
57 57
134 134
57 57
133 133
65 65
101 101
57 57
101 101
57 57
101 101
57 57
69 69
57 57
101 101
65 65
101 101
65 65
101 101
65 65
101 101
65 65
69 69
65 65
69 69
65 65
101 101
65 65
101 101
65 65
101 101
65 65
101 101
65 65
69 69
65 65
101 101
65 65
101 101
65 65
101 101
65 65
101 101
65 65
101 101
65 65
101 101
65 65
101 101
65 65
133 133
65 65
133 133
57 57
133 133
65 65
133 133
END_IMAGE:
e-puck-2 is alive !
NEW_IMAGE:
136 136
164 164
136 136
197 197
136 136
197 197
144 144
197 197
145 145
5 5
129 129
3 3
137 137
4 4
137 137
5 5
144 144
229 229
145 145
5 5
144 144
229 229
144 144
229 229
144 144
229 229
145 145
5 5
145 145
5 5
145 145
5 5
144 144
229 229
145 145
5 5
145 145
5 5
145 145
5 5
145 145
5 5
145 145
5 5
145 145
5 5
145 145
5 5
153 153
6 6
153 153
6 6
152 152
229 229
153 153
6 6
152 152
229 229
153 153
6 6
153 153
6 6
152 152
229 229
160 160
230 230
160 160
230 230
160 160
230 230
153 153
5 5
161 161
38 38
161 161
5 5
161 161
5 5
153 153
5 5
161 161
5 5
160 160
230 230
160 160
230 230
160 160
230 230
161 161
6 6
161 161
6 6
161 161
6 6
161 161
6 6
161 161
6 6
161 161
6 6
161 161
6 6
161 161
38 38
161 161
38 38
161 161
38 38
161 161
38 38
161 161
38 38
169 169
38 38
169 169
6 6
169 169
6 6
169 169
5 5
168 168
230 230
169 169
6 6
168 168
230 230
168 168
231 231
168 168
230 230
169 169
6 6
169 169
6 6
169 169
38 38
169 169
6 6
169 169
6 6
169 169
6 6
169 169
38 38
169 169
38 38
169 169
6 6
169 169
6 6
161 161
38 38
161 161
38 38
161 161
38 38
161 161
38 38
169 169
6 6
169 169
7 7
177 177
7 7
177 177
7 7
177 177
7 7
177 177
38 38
169 169
6 6
177 177
7 7
177 177
7 7
177 177
7 7
176 176
231 231
177 177
7 7
169 169
6 6
169 169
7 7
169 169
6 6
169 169
7 7
177 177
39 39
177 177
7 7
169 169
7 7
169 169
7 7
177 177
6 6
177 177
6 6
169 169
6 6
169 169
6 6
169 169
38 38
169 169
38 38
161 161
6 6
169 169
6 6
177 177
38 38
177 177
6 6
177 177
6 6
177 177
6 6
168 168
230 230
177 177
6 6
169 169
6 6
169 169
6 6
169 169
6 6
177 177
38 38
169 169
6 6
177 177
6 6
177 177
6 6
177 177
6 6
169 169
6 6
168 168
230 230
169 169
6 6
169 169
6 6
169 169
6 6
169 169
6 6
169 169
5 5
169 169
6 6
169 169
5 5
169 169
5 5
169 169
6 6
169 169
5 5
169 169
6 6
161 161
37 37
161 161
5 5
160 160
230 230
169 169
8 8
169 169
73 73
161 161
72 72
153 153
40 40
128 128
166 166
112 112
198 198
112 112
165 165
112 112
197 197
112 112
197 197
112 112
164 164
112 112
196 196
112 112
196 196
112 112
164 164
112 112
196 196
104 104
163 163
112 112
164 164
104 104
163 163
104 104
196 196
96 96
163 163
96 96
195 195
96 96
164 164
96 96
196 196
104 104
164 164
END_IMAGE:
e-puck-2 is alive !
NEW_IMAGE:
3 3
71 71
3 3
71 71
3 3
103 103
3 3
103 103
3 3
167 167
3 3
135 135
3 3
167 167
3 3
135 135
3 3
135 135
3 3
135 135
3 3
135 135
3 3
103 103
3 3
103 103
3 3
135 135
3 3
135 135
3 3
135 135
3 3
135 135
3 3
104 104
3 3
104 104
3 3
136 136
3 3
136 136
3 3
135 135
3 3
136 136
3 3
168 168
3 3
168 168
3 3
168 168
3 3
168 168
3 3
200 200
3 3
168 168
3 3
168 168
3 3
201 201
3 3
168 168
3 3
168 168
3 3
168 168
3 3
168 168
3 3
199 199
3 3
199 199
3 3
199 199
3 3
232 232
3 3
200 200
3 3
200 200
3 3
200 200
3 3
232 232
3 3
200 200
3 3
200 200
3 3
233 233
3 3
232 232
3 3
233 233
3 3
233 233
3 3
233 233
4 4
9 9
3 3
232 232
3 3
232 232
4 4
8 8
3 3
233 233
3 3
169 169
3 3
201 201
3 3
233 233
3 3
233 233
3 3
232 232
4 4
8 8
4 4
40 40
4 4
8 8
4 4
9 9
4 4
40 40
4 4
40 40
4 4
40 40
4 4
41 41
4 4
41 41
4 4
41 41
4 4
41 41
4 4
41 41
4 4
41 41
4 4
40 40
4 4
41 41
4 4
41 41
4 4
41 41
4 4
74 74
4 4
73 73
4 4
41 41
4 4
41 41
4 4
74 74
4 4
74 74
4 4
74 74
4 4
74 74
4 4
74 74
4 4
74 74
4 4
42 42
4 4
42 42
4 4
10 10
4 4
42 42
4 4
74 74
4 4
105 105
4 4
74 74
4 4
106 106
4 4
106 106
4 4
74 74
4 4
74 74
4 4
74 74
4 4
74 74
4 4
106 106
4 4
106 106
4 4
106 106
4 4
106 106
4 4
74 74
4 4
106 106
4 4
106 106
4 4
106 106
4 4
106 106
4 4
106 106
4 4
106 106
4 4
106 106
4 4
106 106
4 4
138 138
4 4
106 106
4 4
138 138
4 4
138 138
4 4
105 105
4 4
106 106
4 4
74 74
4 4
106 106
4 4
74 74
4 4
74 74
4 4
106 106
4 4
106 106
4 4
105 105
4 4
106 106
4 4
106 106
4 4
106 106
4 4
106 106
4 4
75 75
4 4
43 43
4 4
11 11
4 4
43 43
4 4
75 75
4 4
106 106
4 4
74 74
3 3
234 234
4 4
42 42
4 4
106 106
4 4
106 106
4 4
106 106
4 4
105 105
4 4
105 105
4 4
105 105
4 4
137 137
4 4
105 105
4 4
105 105
4 4
106 106
4 4
74 74
4 4
74 74
4 4
73 73
4 4
106 106
4 4
138 138
4 4
105 105
4 4
106 106
4 4
106 106
4 4
105 105
4 4
137 137
4 4
105 105
END_IMAGE:
e-puck-2 is alive !
NEW_IMAGE:
130 130
102 102
122 122
167 167
122 122
232 232
122 122
232 232
139 139
9 9
138 138
200 200
146 146
231 231
163 163
73 73
163 163
41 41
163 163
74 74
163 163
106 106
171 171
107 107
179 179
171 171
171 171
170 170
179 179
202 202
187 187
235 235
195 195
236 236
195 195
238 238
196 196
13 13
196 196
45 45
212 212
77 77
212 212
78 78
212 212
110 110
212 212
143 143
220 220
144 144
220 220
176 176
220 220
208 208
228 228
241 241
228 228
242 242
229 229
51 51
229 229
115 115
229 229
115 115
229 229
115 115
229 229
147 147
229 229
148 148
237 237
246 246
237 237
246 246
246 246
22 22
246 246
86 86
246 246
118 118
246 246
118 118
246 246
151 151
246 246
151 151
246 246
183 183
246 246
184 184
246 246
184 184
246 246
184 184
246 246
184 184
246 246
216 216
246 246
216 216
246 246
216 216
246 246
216 216
246 246
216 216
246 246
185 185
246 246
185 185
246 246
185 185
246 246
185 185
246 246
184 184
246 246
185 185
246 246
185 185
246 246
185 185
246 246
184 184
246 246
216 216
246 246
216 216
246 246
216 216
246 246
216 216
246 246
216 216
246 246
185 185
246 246
185 185
246 246
184 184
246 246
184 184
246 246
184 184
246 246
184 184
246 246
185 185
246 246
185 185
246 246
185 185
246 246
185 185
246 246
185 185
246 246
185 185
246 246
184 184
246 246
184 184
246 246
153 153
246 246
153 153
246 246
153 153
246 246
153 153
246 246
153 153
246 246
153 153
246 246
153 153
246 246
153 153
246 246
153 153
246 246
121 121
246 246
121 121
246 246
121 121
246 246
121 121
246 246
121 121
246 246
121 121
246 246
121 121
246 246
121 121
246 246
121 121
246 246
121 121
246 246
89 89
246 246
89 89
246 246
89 89
246 246
89 89
246 246
89 89
246 246
89 89
246 246
89 89
246 246
89 89
246 246
57 57
246 246
57 57
246 246
56 56
246 246
57 57
246 246
57 57
246 246
57 57
246 246
57 57
246 246
57 57
246 246
57 57
246 246
56 56
246 246
24 24
246 246
24 24
246 246
25 25
245 245
249 249
245 245
249 249
237 237
249 249
237 237
249 249
245 245
248 248
246 246
25 25
245 245
216 216
245 245
249 249
245 245
248 248
237 237
248 248
237 237
216 216
237 237
216 216
237 237
184 184
237 237
184 184
237 237
184 184
237 237
184 184
237 237
184 184
237 237
184 184
237 237
184 184
237 237
184 184
237 237
184 184
237 237
184 184
237 237
152 152
237 237
184 184
237 237
152 152
237 237
152 152
237 237
152 152
237 237
152 152
237 237
152 152
237 237
152 152
237 237
152 152
237 237
120 120
237 237
119 119
237 237
119 119
237 237
87 87
237 237
119 119
237 237
87 87
237 237
87 87
237 237
119 119
END_IMAGE:
e-puck-2 is alive !
NEW_IMAGE:
88 88
131 131
96 96
132 132
96 96
131 131
96 96
163 163
96 96
131 131
96 96
163 163
88 88
163 163
96 96
164 164
96 96
132 132
96 96
164 164
96 96
164 164
96 96
132 132
96 96
132 132
96 96
132 132
96 96
164 164
96 96
164 164
96 96
164 164
96 96
132 132
96 96
196 196
96 96
163 163
96 96
163 163
96 96
163 163
96 96
163 163
104 104
164 164
96 96
164 164
96 96
163 163
96 96
164 164
96 96
164 164
96 96
164 164
96 96
196 196
96 96
164 164
96 96
131 131
96 96
164 164
96 96
163 163
96 96
163 163
96 96
163 163
96 96
163 163
96 96
164 164
96 96
164 164
96 96
163 163
96 96
163 163
96 96
163 163
96 96
163 163
96 96
164 164
96 96
164 164
96 96
164 164
96 96
164 164
96 96
164 164
96 96
164 164
96 96
164 164
96 96
164 164
96 96
164 164
96 96
164 164
96 96
164 164
96 96
164 164
88 88
132 132
88 88
164 164
88 88
164 164
88 88
164 164
88 88
164 164
88 88
164 164
88 88
164 164
88 88
164 164
80 80
164 164
88 88
164 164
80 80
164 164
80 80
164 164
80 80
164 164
80 80
163 163
80 80
164 164
80 80
164 164
80 80
131 131
80 80
164 164
80 80
164 164
80 80
132 132
80 80
164 164
80 80
164 164
80 80
132 132
72 72
132 132
72 72
164 164
72 72
164 164
64 64
196 196
64 64
196 196
64 64
196 196
64 64
197 197
56 56
164 164
56 56
196 196
56 56
198 198
56 56
197 197
56 56
198 198
56 56
198 198
56 56
230 230
48 48
230 230
48 48
230 230
48 48
230 230
48 48
231 231
40 40
231 231
40 40
231 231
41 41
7 7
40 40
230 230
41 41
7 7
41 41
7 7
41 41
7 7
41 41
6 6
41 41
7 7
41 41
7 7
41 41
7 7
41 41
7 7
41 41
7 7
41 41
7 7
41 41
7 7
41 41
7 7
40 40
231 231
33 33
7 7
33 33
7 7
33 33
7 7
33 33
39 39
41 41
7 7
40 40
231 231
41 41
7 7
40 40
231 231
40 40
231 231
40 40
231 231
40 40
231 231
40 40
231 231
40 40
231 231
40 40
231 231
32 32
230 230
32 32
230 230
40 40
231 231
40 40
231 231
40 40
231 231
40 40
231 231
40 40
230 230
40 40
230 230
40 40
230 230
32 32
230 230
32 32
230 230
32 32
230 230
32 32
230 230
32 32
230 230
32 32
230 230
40 40
230 230
32 32
230 230
40 40
230 230
40 40
230 230
40 40
230 230
40 40
230 230
40 40
230 230
40 40
230 230
32 32
230 230
40 40
231 231
32 32
231 231
40 40
231 231
40 40
231 231
32 32
231 231
40 40
230 230
40 40
230 230
40 40
230 230
40 40
230 230
END_IMAGE:
e-puck-2 is alive !
NEW_IMAGE:
8 8
160 160
8 8
160 160
8 8
160 160
8 8
192 192
8 8
192 192
8 8
192 192
16 16
160 160
16 16
192 192
8 8
224 224
16 16
224 224
16 16
192 192
16 16
192 192
16 16
224 224
16 16
224 224
16 16
224 224
16 16
224 224
16 16
224 224
16 16
224 224
16 16
224 224
16 16
224 224
17 17
0 0
17 17
0 0
17 17
0 0
17 17
0 0
25 25
0 0
25 25
0 0
25 25
0 0
17 17
32 32
25 25
32 32
25 25
32 32
25 25
32 32
25 25
32 32
25 25
32 32
25 25
0 0
25 25
32 32
25 25
32 32
25 25
32 32
25 25
32 32
25 25
32 32
25 25
64 64
25 25
32 32
25 25
32 32
25 25
65 65
25 25
65 65
25 25
33 33
25 25
34 34
25 25
34 34
25 25
66 66
25 25
66 66
25 25
99 99
25 25
99 99
25 25
99 99
25 25
100 100
33 33
100 100
33 33
67 67
33 33
68 68
33 33
68 68
33 33
101 101
33 33
101 101
33 33
101 101
33 33
101 101
33 33
101 101
33 33
101 101
41 41
133 133
41 41
101 101
41 41
133 133
41 41
101 101
41 41
133 133
33 33
133 133
33 33
133 133
41 41
133 133
41 41
133 133
41 41
134 134
41 41
134 134
41 41
134 134
41 41
135 135
41 41
167 167
41 41
167 167
41 41
167 167
49 49
166 166
49 49
166 166
41 41
198 198
49 49
167 167
41 41
199 199
41 41
199 199
41 41
199 199
49 49
199 199
49 49
167 167
49 49
199 199
49 49
199 199
49 49
199 199
49 49
199 199
49 49
199 199
41 41
232 232
49 49
232 232
41 41
232 232
49 49
232 232
49 49
232 232
49 49
231 231
49 49
232 232
49 49
232 232
41 41
232 232
50 50
8 8
41 41
232 232
49 49
232 232
49 49
232 232
49 49
232 232
41 41
232 232
50 50
8 8
49 49
232 232
50 50
8 8
49 49
232 232
50 50
8 8
50 50
9 9
58 58
8 8
58 58
8 8
50 50
8 8
50 50
8 8
50 50
8 8
50 50
8 8
58 58
41 41
50 50
8 8
58 58
9 9
58 58
41 41
58 58
41 41
58 58
42 42
58 58
41 41
58 58
41 41
58 58
41 41
58 58
73 73
58 58
73 73
58 58
41 41
58 58
73 73
58 58
73 73
66 66
73 73
66 66
105 105
66 66
73 73
66 66
73 73
66 66
105 105
66 66
106 106
58 58
106 106
66 66
138 138
66 66
139 139
58 58
139 139
58 58
138 138
58 58
138 138
66 66
138 138
58 58
138 138
66 66
171 171
58 58
139 139
66 66
171 171
58 58
171 171
66 66
171 171
66 66
171 171
58 58
171 171
66 66
203 203
58 58
171 171
66 66
204 204
66 66
171 171
66 66
172 172
END_IMAGE:
e-puck-2 is alive !
NEW_IMAGE:
0 0
192 192
0 0
224 224
1 1
0 0
1 1
0 0
1 1
0 0
9 9
32 32
16 16
224 224
17 17
0 0
9 9
0 0
9 9
64 64
1 1
64 64
9 9
32 32
9 9
32 32
9 9
0 0
17 17
32 32
9 9
32 32
17 17
64 64
9 9
64 64
9 9
32 32
9 9
64 64
9 9
32 32
17 17
64 64
17 17
32 32
17 17
64 64
17 17
32 32
25 25
64 64
17 17
32 32
9 9
64 64
17 17
64 64
17 17
96 96
25 25
64 64
17 17
64 64
17 17
64 64
17 17
96 96
17 17
64 64
25 25
96 96
25 25
96 96
17 17
96 96
17 17
64 64
25 25
64 64
25 25
64 64
17 17
96 96
25 25
128 128
17 17
64 64
25 25
64 64
25 25
96 96
25 25
96 96
25 25
128 128
33 33
128 128
25 25
96 96
25 25
96 96
25 25
160 160
25 25
160 160
25 25
128 128
25 25
96 96
25 25
96 96
33 33
128 128
33 33
128 128
25 25
128 128
25 25
128 128
33 33
160 160
25 25
128 128
33 33
128 128
33 33
128 128
33 33
96 96
33 33
128 128
33 33
96 96
33 33
160 160
33 33
128 128
33 33
128 128
33 33
160 160
33 33
160 160
41 41
192 192
33 33
160 160
33 33
160 160
33 33
160 160
33 33
160 160
33 33
192 192
41 41
192 192
33 33
160 160
33 33
160 160
41 41
192 192
33 33
192 192
41 41
224 224
41 41
224 224
41 41
192 192
41 41
192 192
49 49
192 192
49 49
192 192
49 49
192 192
49 49
192 192
41 41
192 192
41 41
192 192
42 42
0 0
49 49
224 224
41 41
224 224
50 50
0 0
50 50
0 0
50 50
0 0
50 50
0 0
50 50
0 0
42 42
0 0
42 42
0 0
42 42
32 32
50 50
32 32
41 41
224 224
50 50
0 0
50 50
32 32
42 42
0 0
50 50
32 32
50 50
32 32
50 50
0 0
50 50
0 0
50 50
32 32
50 50
0 0
50 50
32 32
50 50
0 0
50 50
0 0
50 50
32 32
58 58
32 32
58 58
0 0
58 58
0 0
58 58
0 0
58 58
32 32
58 58
32 32
58 58
32 32
58 58
32 32
58 58
32 32
58 58
32 32
58 58
33 33
50 50
1 1
58 58
1 1
57 57
224 224
58 58
32 32
66 66
32 32
58 58
32 32
58 58
64 64
58 58
0 0
58 58
32 32
58 58
64 64
66 66
64 64
58 58
64 64
58 58
64 64
50 50
64 64
58 58
96 96
58 58
64 64
66 66
64 64
58 58
32 32
66 66
64 64
66 66
64 64
66 66
64 64
66 66
64 64
66 66
64 64
66 66
64 64
66 66
64 64
66 66
32 32
66 66
64 64
66 66
32 32
66 66
64 64
66 66
128 128
END_IMAGE:
e-puck-2 is alive !
NEW_IMAGE:
0 0
224 224
0 0
224 224
1 1
0 0
1 1
1 1
1 1
33 33
1 1
1 1
1 1
1 1
1 1
1 1
1 1
34 34
0 0
225 225
1 1
1 1
1 1
2 2
1 1
2 2
0 0
226 226
1 1
2 2
0 0
226 226
1 1
34 34
1 1
2 2
1 1
33 33
1 1
33 33
1 1
33 33
1 1
2 2
1 1
2 2
1 1
35 35
1 1
34 34
1 1
35 35
1 1
2 2
1 1
34 34
1 1
34 34
1 1
34 34
9 9
3 3
8 8
226 226
9 9
34 34
1 1
99 99
9 9
133 133
9 9
102 102
17 17
102 102
17 17
102 102
9 9
134 134
9 9
102 102
17 17
134 134
17 17
199 199
10 10
9 9
17 17
234 234
25 25
234 234
25 25
235 235
25 25
235 235
26 26
12 12
26 26
11 11
26 26
44 44
26 26
12 12
26 26
108 108
26 26
108 108
26 26
76 76
34 34
108 108
34 34
108 108
26 26
76 76
34 34
109 109
34 34
76 76
34 34
109 109
34 34
109 109
34 34
109 109
34 34
141 141
34 34
141 141
34 34
141 141
34 34
141 141
34 34
142 142
34 34
142 142
34 34
142 142
34 34
142 142
34 34
174 174
34 34
174 174
34 34
173 173
42 42
141 141
34 34
109 109
34 34
143 143
42 42
175 175
34 34
174 174
42 42
142 142
34 34
174 174
34 34
174 174
42 42
174 174
42 42
174 174
42 42
173 173
42 42
174 174
42 42
174 174
42 42
174 174
42 42
174 174
42 42
174 174
42 42
174 174
42 42
174 174
42 42
175 175
42 42
175 175
34 34
207 207
42 42
207 207
42 42
207 207
42 42
207 207
42 42
206 206
50 50
174 174
50 50
206 206
50 50
174 174
50 50
206 206
42 42
206 206
50 50
206 206
50 50
206 206
50 50
206 206
50 50
206 206
50 50
207 207
50 50
207 207
50 50
207 207
42 42
239 239
50 50
208 208
50 50
208 208
50 50
239 239
50 50
239 239
50 50
207 207
50 50
239 239
50 50
239 239
50 50
239 239
50 50
207 207
58 58
240 240
58 58
207 207
58 58
207 207
58 58
239 239
58 58
239 239
50 50
239 239
50 50
239 239
50 50
239 239
58 58
239 239
50 50
207 207
58 58
240 240
67 67
16 16
58 58
240 240
58 58
240 240
58 58
239 239
58 58
239 239
58 58
239 239
58 58
239 239
59 59
15 15
59 59
15 15
59 59
16 16
59 59
16 16
59 59
16 16
59 59
16 16
51 51
48 48
59 59
16 16
67 67
48 48
67 67
17 17
67 67
16 16
59 59
15 15
67 67
16 16
67 67
48 48
67 67
47 47
67 67
48 48
67 67
17 17
59 59
49 49
67 67
17 17
67 67
17 17
66 66
241 241
67 67
48 48
END_IMAGE:
e-puck-2 is alive !
NEW_IMAGE:
0 0
64 64
8 8
64 64
8 8
64 64
8 8
64 64
8 8
64 64
8 8
32 32
8 8
65 65
8 8
64 64
8 8
64 64
8 8
64 64
8 8
64 64
8 8
64 64
8 8
64 64
8 8
64 64
8 8
64 64
8 8
64 64
8 8
64 64
8 8
65 65
8 8
65 65
8 8
64 64
8 8
64 64
8 8
65 65
0 0
64 64
0 0
64 64
8 8
65 65
8 8
65 65
8 8
65 65
8 8
65 65
8 8
64 64
8 8
65 65
8 8
65 65
8 8
65 65
8 8
65 65
8 8
97 97
8 8
97 97
8 8
97 97
8 8
130 130
8 8
130 130
16 16
162 162
8 8
131 131
16 16
163 163
16 16
131 131
16 16
163 163
16 16
163 163
16 16
163 163
8 8
163 163
8 8
195 195
16 16
164 164
16 16
164 164
16 16
164 164
16 16
164 164
8 8
163 163
16 16
195 195
16 16
163 163
16 16
163 163
16 16
163 163
16 16
163 163
16 16
163 163
16 16
163 163
16 16
162 162
16 16
130 130
8 8
130 130
16 16
130 130
8 8
98 98
8 8
97 97
8 8
97 97
8 8
97 97
8 8
97 97
8 8
97 97
8 8
97 97
8 8
97 97
8 8
97 97
8 8
97 97
8 8
97 97
8 8
97 97
8 8
97 97
8 8
129 129
8 8
130 130
8 8
130 130
16 16
99 99
16 16
99 99
16 16
130 130
16 16
163 163
16 16
163 163
16 16
164 164
16 16
196 196
24 24
164 164
24 24
197 197
24 24
197 197
24 24
198 198
24 24
198 198
24 24
231 231
25 25
7 7
25 25
38 38
25 25
38 38
25 25
39 39
33 33
39 39
33 33
8 8
33 33
72 72
33 33
40 40
25 25
72 72
25 25
72 72
25 25
73 73
33 33
72 72
33 33
73 73
33 33
41 41
33 33
73 73
33 33
72 72
33 33
72 72
25 25
72 72
25 25
73 73
33 33
41 41
33 33
73 73
33 33
73 73
33 33
73 73
33 33
73 73
33 33
105 105
25 25
104 104
33 33
72 72
33 33
73 73
33 33
74 74
33 33
74 74
33 33
74 74
33 33
105 105
33 33
105 105
33 33
105 105
33 33
138 138
33 33
106 106
33 33
106 106
33 33
106 106
33 33
106 106
41 41
106 106
41 41
106 106
41 41
106 106
41 41
106 106
41 41
106 106
41 41
138 138
33 33
138 138
41 41
139 139
41 41
107 107
41 41
139 139
33 33
139 139
41 41
139 139
41 41
171 171
41 41
171 171
33 33
171 171
33 33
171 171
41 41
171 171
41 41
171 171
41 41
171 171
41 41
171 171
41 41
171 171
49 49
204 204
41 41
172 172
41 41
172 172
41 41
140 140
49 49
204 204
41 41
203 203
49 49
236 236
49 49
236 236
END_IMAGE:
e-puck-2 is alive !
NEW_IMAGE:
16 16
130 130
16 16
130 130
16 16
130 130
16 16
130 130
16 16
130 130
16 16
130 130
16 16
130 130
16 16
130 130
16 16
130 130
16 16
130 130
16 16
98 98
16 16
130 130
16 16
130 130
16 16
130 130
16 16
130 130
16 16
130 130
16 16
130 130
16 16
130 130
16 16
130 130
16 16
130 130
8 8
98 98
16 16
97 97
16 16
129 129
8 8
97 97
16 16
129 129
16 16
129 129
16 16
97 97
16 16
98 98
16 16
98 98
8 8
98 98
8 8
97 97
8 8
97 97
8 8
97 97
8 8
97 97
8 8
97 97
8 8
97 97
16 16
129 129
16 16
130 130
16 16
97 97
8 8
97 97
16 16
130 130
16 16
130 130
16 16
195 195
24 24
163 163
32 32
227 227
25 25
4 4
25 25
69 69
33 33
102 102
33 33
71 71
33 33
104 104
33 33
103 103
33 33
39 39
33 33
39 39
33 33
70 70
41 41
102 102
41 41
135 135
41 41
135 135
41 41
104 104
33 33
103 103
33 33
38 38
33 33
38 38
25 25
103 103
25 25
102 102
33 33
70 70
33 33
102 102
33 33
70 70
33 33
70 70
33 33
70 70
41 41
102 102
41 41
134 134
41 41
135 135
33 33
102 102
41 41
167 167
49 49
232 232
49 49
199 199
41 41
200 200
49 49
200 200
49 49
200 200
49 49
200 200
49 49
200 200
57 57
233 233
49 49
200 200
57 57
233 233
49 49
232 232
49 49
232 232
58 58
8 8
57 57
232 232
58 58
41 41
58 58
8 8
49 49
200 200
49 49
167 167
41 41
134 134
49 49
167 167
49 49
232 232
50 50
8 8
41 41
232 232
41 41
232 232
41 41
232 232
49 49
135 135
49 49
103 103
41 41
102 102
41 41
101 101
41 41
101 101
41 41
101 101
41 41
101 101
41 41
102 102
41 41
102 102
41 41
102 102
41 41
134 134
41 41
101 101
41 41
101 101
41 41
134 134
49 49
134 134
41 41
133 133
41 41
134 134
41 41
166 166
41 41
166 166
41 41
166 166
41 41
166 166
41 41
166 166
41 41
166 166
41 41
166 166
41 41
166 166
41 41
167 167
41 41
167 167
41 41
166 166
41 41
199 199
49 49
166 166
49 49
166 166
49 49
166 166
49 49
166 166
49 49
166 166
57 57
166 166
57 57
166 166
49 49
166 166
57 57
166 166
57 57
166 166
57 57
166 166
49 49
166 166
49 49
166 166
49 49
199 199
57 57
231 231
57 57
199 199
49 49
199 199
49 49
198 198
57 57
198 198
57 57
166 166
57 57
166 166
57 57
198 198
57 57
198 198
57 57
198 198
57 57
166 166
57 57
198 198
57 57
198 198
57 57
198 198
57 57
199 199
57 57
231 231
57 57
199 199
57 57
231 231
57 57
231 231
END_IMAGE:
e-puck-2 is alive !
NEW_IMAGE:
24 24
228 228
24 24
227 227
24 24
227 227
24 24
228 228
24 24
228 228
24 24
228 228
24 24
228 228
24 24
228 228
24 24
227 227
24 24
227 227
33 33
4 4
24 24
227 227
24 24
227 227
25 25
4 4
25 25
4 4
25 25
4 4
24 24
227 227
24 24
228 228
32 32
228 228
32 32
228 228
24 24
227 227
33 33
4 4
25 25
4 4
32 32
228 228
33 33
4 4
33 33
4 4
33 33
4 4
33 33
4 4
33 33
4 4
33 33
4 4
33 33
4 4
33 33
4 4
33 33
4 4
33 33
4 4
33 33
4 4
33 33
4 4
33 33
4 4
33 33
36 36
32 32
228 228
33 33
4 4
25 25
4 4
33 33
4 4
33 33
4 4
33 33
4 4
33 33
4 4
33 33
4 4
33 33
4 4
33 33
4 4
33 33
4 4
33 33
4 4
33 33
4 4
33 33
4 4
33 33
4 4
33 33
4 4
33 33
4 4
33 33
4 4
33 33
36 36
33 33
4 4
33 33
4 4
33 33
4 4
33 33
4 4
33 33
36 36
33 33
4 4
33 33
36 36
33 33
4 4
33 33
4 4
33 33
36 36
33 33
36 36
33 33
4 4
33 33
36 36
33 33
36 36
33 33
36 36
33 33
36 36
41 41
4 4
41 41
4 4
33 33
4 4
33 33
37 37
41 41
69 69
41 41
37 37
33 33
36 36
41 41
69 69
41 41
69 69
41 41
69 69
41 41
69 69
41 41
37 37
41 41
69 69
41 41
69 69
41 41
69 69
41 41
37 37
41 41
37 37
41 41
37 37
41 41
37 37
41 41
37 37
41 41
37 37
41 41
37 37
41 41
37 37
41 41
37 37
41 41
37 37
41 41
37 37
41 41
37 37
41 41
68 68
41 41
68 68
33 33
69 69
33 33
69 69
33 33
69 69
41 41
37 37
41 41
37 37
41 41
37 37
41 41
37 37
41 41
37 37
41 41
69 69
41 41
37 37
41 41
69 69
41 41
37 37
41 41
37 37
41 41
69 69
41 41
69 69
41 41
5 5
49 49
5 5
49 49
37 37
41 41
37 37
41 41
37 37
41 41
37 37
41 41
37 37
41 41
37 37
41 41
69 69
41 41
69 69
41 41
37 37
41 41
69 69
41 41
69 69
49 49
37 37
49 49
38 38
49 49
5 5
41 41
37 37
41 41
37 37
41 41
5 5
41 41
4 4
41 41
5 5
41 41
37 37
41 41
5 5
40 40
228 228
41 41
4 4
41 41
4 4
41 41
5 5
41 41
5 5
33 33
4 4
41 41
4 4
33 33
4 4
33 33
4 4
33 33
4 4
33 33
4 4
33 33
36 36
33 33
4 4
33 33
4 4
41 41
4 4
41 41
4 4
41 41
4 4
41 41
4 4
41 41
36 36
33 33
36 36
END_IMAGE:
e-puck-2 is alive !
NEW_IMAGE:
41 41
69 69
41 41
101 101
41 41
101 101
41 41
102 102
41 41
102 102
41 41
134 134
49 49
134 134
49 49
134 134
57 57
166 166
57 57
166 166
57 57
134 134
57 57
167 167
57 57
231 231
58 58
8 8
66 66
40 40
73 73
231 231
73 73
231 231
82 82
72 72
74 74
105 105
74 74
105 105
82 82
138 138
90 90
106 106
90 90
170 170
90 90
202 202
98 98
234 234
98 98
235 235
106 106
235 235
115 115
76 76
107 107
44 44
115 115
44 44
123 123
44 44
123 123
44 44
131 131
45 45
131 131
77 77
123 123
77 77
123 123
109 109
123 123
77 77
131 131
110 110
123 123
109 109
123 123
77 77
123 123
109 109
131 131
142 142
131 131
110 110
131 131
110 110
131 131
142 142
131 131
142 142
131 131
143 143
139 139
143 143
139 139
143 143
139 139
175 175
139 139
175 175
131 131
175 175
139 139
239 239
139 139
207 207
147 147
240 240
139 139
207 207
131 131
239 239
140 140
48 48
140 140
48 48
148 148
16 16
155 155
240 240
164 164
17 17
164 164
17 17
164 164
49 49
156 156
113 113
156 156
113 113
156 156
113 113
156 156
113 113
164 164
146 146
156 156
146 146
164 164
243 243
173 173
19 19
173 173
19 19
181 181
19 19
189 189
20 20
197 197
117 117
197 197
117 117
197 197
117 117
205 205
117 117
205 205
182 182
205 205
214 214
205 205
214 214
213 213
247 247
222 222
55 55
222 222
56 56
222 222
89 89
222 222
89 89
222 222
57 57
222 222
121 121
230 230
121 121
230 230
121 121
230 230
121 121
230 230
121 121
230 230
121 121
230 230
153 153
230 230
153 153
214 214
120 120
222 222
88 88
222 222
56 56
214 214
23 23
213 213
247 247
205 205
247 247
197 197
149 149
189 189
117 117
181 181
117 117
181 181
52 52
172 172
179 179
172 172
179 179
172 172
179 179
148 148
49 49
131 131
239 239
131 131
174 174
139 139
175 175
131 131
142 142
123 123
110 110
115 115
77 77
107 107
45 45
98 98
237 237
99 99
12 12
98 98
236 236
90 90
107 107
74 74
42 42
74 74
107 107
82 82
11 11
89 89
235 235
82 82
10 10
74 74
42 42
74 74
42 42
74 74
42 42
74 74
9 9
81 81
234 234
73 73
233 233
73 73
233 233
66 66
9 9
66 66
8 8
65 65
233 233
65 65
233 233
65 65
233 233
65 65
233 233
65 65
232 232
65 65
232 232
57 57
232 232
73 73
233 233
66 66
9 9
66 66
8 8
65 65
232 232
65 65
232 232
65 65
232 232
65 65
232 232
73 73
234 234
65 65
233 233
65 65
234 234
65 65
233 233
65 65
233 233
65 65
233 233
73 73
233 233
65 65
200 200
73 73
233 233
65 65
233 233
65 65
201 201
END_IMAGE:
e-puck-2 is alive !
NEW_IMAGE:
123 123
239 239
132 132
16 16
123 123
239 239
123 123
207 207
123 123
239 239
123 123
239 239
123 123
207 207
132 132
15 15
131 131
207 207
131 131
239 239
131 131
207 207
131 131
207 207
131 131
207 207
132 132
16 16
131 131
240 240
132 132
16 16
132 132
81 81
156 156
244 244
156 156
244 244
148 148
211 211
157 157
20 20
157 157
21 21
173 173
85 85
181 181
150 150
181 181
118 118
181 181
150 150
181 181
150 150
181 181
182 182
181 181
214 214
181 181
215 215
189 189
247 247
189 189
247 247
189 189
247 247
190 190
24 24
189 189
248 248
189 189
247 247
189 189
248 248
190 190
24 24
182 182
24 24
182 182
24 24
182 182
57 57
190 190
57 57
190 190
57 57
181 181
248 248
190 190
57 57
182 182
58 58
174 174
90 90
182 182
58 58
182 182
58 58
190 190
90 90
182 182
90 90
182 182
90 90
182 182
58 58
182 182
26 26
182 182
25 25
182 182
58 58
181 181
249 249
165 165
249 249
157 157
249 249
157 157
249 249
157 157
217 217
157 157
184 184
157 157
152 152
157 157
152 152
157 157
119 119
157 157
118 118
149 149
118 118
157 157
118 118
157 157
54 54
149 149
22 22
149 149
86 86
149 149
86 86
149 149
54 54
157 157
21 21
148 148
213 213
148 148
245 245
140 140
245 245
140 140
245 245
140 140
245 245
140 140
245 245
140 140
212 212
141 141
22 22
132 132
214 214
124 124
181 181
132 132
213 213
132 132
213 213
132 132
181 181
132 132
148 148
124 124
82 82
124 124
17 17
124 124
17 17
140 140
84 84
132 132
19 19
107 107
209 209
107 107
241 241
107 107
209 209
107 107
242 242
99 99
176 176
107 107
208 208
107 107
208 208
99 99
143 143
107 107
176 176
107 107
143 143
99 99
110 110
99 99
77 77
99 99
46 46
99 99
45 45
99 99
14 14
99 99
13 13
99 99
45 45
90 90
236 236
99 99
13 13
98 98
236 236
99 99
12 12
90 90
236 236
91 91
12 12
83 83
45 45
83 83
13 13
91 91
13 13
98 98
236 236
98 98
236 236
99 99
12 12
99 99
12 12
99 99
12 12
90 90
236 236
91 91
12 12
83 83
44 44
90 90
236 236
99 99
12 12
99 99
12 12
98 98
236 236
99 99
12 12
99 99
12 12
90 90
236 236
90 90
203 203
90 90
235 235
90 90
235 235
90 90
236 236
90 90
236 236
90 90
236 236
90 90
236 236
83 83
12 12
83 83
12 12
83 83
13 13
91 91
12 12
90 90
236 236
90 90
236 236
90 90
236 236
90 90
236 236
90 90
236 236
90 90
236 236
90 90
236 236
90 90
236 236
90 90
235 235
98 98
236 236
90 90
236 236
90 90
235 235
90 90
236 236
90 90
203 203
90 90
235 235
END_IMAGE:
e-puck-2 is alive !
NEW_IMAGE:
0 0
64 64
0 0
32 32
0 0
64 64
0 0
96 96
0 0
64 64
0 0
96 96
0 0
96 96
0 0
96 96
0 0
96 96
0 0
64 64
0 0
96 96
0 0
128 128
0 0
128 128
8 8
129 129
0 0
225 225
1 1
33 33
1 1
65 65
1 1
66 66
1 1
34 34
1 1
65 65
1 1
65 65
1 1
66 66
1 1
65 65
1 1
65 65
1 1
34 34
1 1
34 34
1 1
33 33
1 1
33 33
1 1
33 33
1 1
65 65
1 1
66 66
1 1
34 34
1 1
34 34
1 1
34 34
1 1
34 34
1 1
66 66
1 1
98 98
1 1
129 129
1 1
98 98
1 1
99 99
1 1
99 99
1 1
100 100
1 1
132 132
1 1
131 131
1 1
99 99
1 1
132 132
1 1
132 132
1 1
164 164
1 1
131 131
1 1
131 131
1 1
163 163
1 1
164 164
1 1
197 197
1 1
197 197
1 1
165 165
1 1
165 165
1 1
165 165
1 1
198 198
1 1
197 197
1 1
229 229
1 1
230 230
1 1
197 197
17 17
229 229
17 17
229 229
17 17
165 165
17 17
230 230
18 18
71 71
26 26
40 40
34 34
8 8
42 42
8 8
42 42
8 8
41 41
232 232
33 33
232 232
33 33
232 232
25 25
232 232
26 26
8 8
34 34
8 8
25 25
232 232
33 33
232 232
33 33
232 232
34 34
9 9
34 34
9 9
34 34
9 9
34 34
41 41
42 42
9 9
42 42
9 9
50 50
8 8
41 41
199 199
49 49
199 199
33 33
134 134
41 41
167 167
41 41
167 167
41 41
232 232
41 41
232 232
41 41
232 232
41 41
232 232
42 42
8 8
49 49
232 232
57 57
232 232
58 58
8 8
58 58
40 40
49 49
232 232
58 58
40 40
58 58
73 73
58 58
41 41
66 66
106 106
66 66
73 73
66 66
139 139
66 66
138 138
66 66
105 105
74 74
138 138
74 74
171 171
82 82
171 171
82 82
171 171
74 74
204 204
66 66
236 236
75 75
14 14
74 74
238 238
75 75
13 13
66 66
236 236
75 75
45 45
83 83
45 45
91 91
77 77
91 91
13 13
99 99
14 14
83 83
46 46
99 99
143 143
99 99
143 143
107 107
144 144
99 99
144 144
107 107
209 209
115 115
144 144
123 123
177 177
123 123
240 240
123 123
241 241
123 123
242 242
124 124
19 19
116 116
51 51
124 124
83 83
123 123
242 242
140 140
83 83
140 140
148 148
140 140
180 180
140 140
180 180
148 148
180 180
148 148
181 181
156 156
246 246
148 148
246 246
157 157
22 22
157 157
22 22
165 165
54 54
173 173
120 120
173 173
120 120
173 173
120 120
173 173
153 153
181 181
153 153
181 181
121 121
181 181
154 154
189 189
250 250
189 189
250 250
END_IMAGE:
e-puck-2 is alive !
NEW_IMAGE:
0 0
0 0
0 0
32 32
0 0
32 32
0 0
32 32
0 0
64 64
0 0
32 32
0 0
32 32
0 0
32 32
0 0
32 32
0 0
32 32
0 0
32 32
0 0
32 32
0 0
64 64
0 0
64 64
0 0
64 64
0 0
32 32
0 0
32 32
0 0
32 32
0 0
32 32
0 0
32 32
0 0
32 32
0 0
64 64
0 0
64 64
0 0
32 32
0 0
64 64
0 0
64 64
0 0
64 64
0 0
64 64
0 0
96 96
0 0
64 64
0 0
64 64
0 0
96 96
0 0
96 96
0 0
96 96
0 0
96 96
0 0
96 96
0 0
96 96
0 0
96 96
0 0
96 96
0 0
96 96
0 0
96 96
0 0
96 96
0 0
96 96
0 0
97 97
0 0
96 96
0 0
96 96
0 0
96 96
0 0
96 96
0 0
96 96
0 0
96 96
0 0
96 96
0 0
128 128
0 0
128 128
0 0
128 128
0 0
160 160
0 0
128 128
0 0
128 128
0 0
128 128
0 0
160 160
0 0
128 128
0 0
128 128
0 0
160 160
0 0
160 160
0 0
160 160
0 0
192 192
0 0
128 128
0 0
96 96
8 8
96 96
8 8
97 97
8 8
64 64
8 8
128 128
8 8
224 224
0 0
224 224
0 0
224 224
8 8
224 224
9 9
0 0
17 17
0 0
17 17
0 0
17 17
32 32
9 9
32 32
17 17
96 96
17 17
128 128
17 17
160 160
9 9
128 128
9 9
96 96
9 9
96 96
17 17
64 64
17 17
32 32
17 17
0 0
17 17
32 32
9 9
0 0
9 9
32 32
1 1
32 32
1 1
0 0
1 1
64 64
1 1
32 32
1 1
97 97
1 1
33 33
0 0
224 224
1 1
33 33
1 1
1 1
1 1
33 33
0 0
225 225
1 1
1 1
1 1
1 1
1 1
2 2
1 1
1 1
1 1
0 0
9 9
1 1
9 9
1 1
1 1
1 1
9 9
2 2
9 9
33 33
1 1
33 33
1 1
34 34
1 1
66 66
9 9
66 66
9 9
66 66
9 9
98 98
9 9
67 67
1 1
67 67
1 1
99 99
1 1
131 131
1 1
130 130
9 9
65 65
9 9
130 130
9 9
130 130
9 9
99 99
9 9
99 99
9 9
132 132
25 25
68 68
25 25
36 36
25 25
35 35
25 25
35 35
25 25
35 35
17 17
100 100
9 9
67 67
9 9
67 67
17 17
67 67
17 17
35 35
9 9
98 98
9 9
98 98
1 1
98 98
9 9
98 98
1 1
66 66
9 9
66 66
9 9
66 66
9 9
97 97
9 9
98 98
9 9
98 98
1 1
130 130
1 1
98 98
9 9
98 98
9 9
98 98
9 9
65 65
9 9
66 66
9 9
66 66
9 9
65 65
1 1
97 97
9 9
98 98
END_IMAGE:
