e-puck-2 is alive !
NEW_IMAGE:
65 65
133 133
65 65
134 134
65 65
133 133
65 65
166 166
65 65
199 199
73 73
166 166
81 81
134 134
73 73
134 134
73 73
167 167
73 73
167 167
73 73
167 167
73 73
167 167
73 73
167 167
73 73
199 199
65 65
199 199
65 65
199 199
65 65
199 199
65 65
199 199
65 65
199 199
73 73
167 167
81 81
199 199
73 73
167 167
73 73
199 199
73 73
199 199
73 73
199 199
81 81
199 199
81 81
199 199
81 81
200 200
81 81
200 200
81 81
200 200
81 81
200 200
81 81
199 199
89 89
200 200
81 81
199 199
81 81
199 199
81 81
200 200
89 89
200 200
89 89
200 200
89 89
200 200
89 89
200 200
97 97
167 167
97 97
200 200
97 97
200 200
89 89
232 232
81 81
232 232
81 81
232 232
90 90
8 8
81 81
232 232
89 89
232 232
90 90
8 8
89 89
232 232
82 82
8 8
82 82
8 8
82 82
8 8
90 90
8 8
82 82
9 9
82 82
41 41
82 82
41 41
82 82
41 41
98 98
10 10
106 106
10 10
98 98
9 9
90 90
41 41
98 98
41 41
98 98
41 41
98 98
42 42
98 98
42 42
98 98
42 42
98 98
42 42
98 98
42 42
106 106
42 42
98 98
73 73
98 98
74 74
106 106
74 74
106 106
42 42
106 106
42 42
106 106
75 75
106 106
75 75
114 114
75 75
114 114
75 75
114 114
75 75
114 114
75 75
114 114
75 75
114 114
75 75
114 114
75 75
114 114
75 75
114 114
75 75
114 114
42 42
122 122
75 75
122 122
75 75
114 114
108 108
122 122
76 76
122 122
76 76
122 122
76 76
122 122
76 76
122 122
107 107
114 114
75 75
122 122
140 140
114 114
172 172
106 106
139 139
114 114
172 172
114 114
139 139
114 114
139 139
114 114
139 139
114 114
139 139
114 114
139 139
122 122
140 140
122 122
108 108
122 122
140 140
122 122
140 140
122 122
140 140
114 114
107 107
122 122
140 140
122 122
172 172
114 114
172 172
114 114
172 172
114 114
172 172
114 114
172 172
114 114
140 140
114 114
140 140
114 114
140 140
114 114
140 140
114 114
140 140
114 114
140 140
114 114
140 140
106 106
140 140
106 106
171 171
106 106
171 171
106 106
172 172
106 106
172 172
106 106
172 172
106 106
172 172
106 106
172 172
106 106
171 171
106 106
139 139
106 106
139 139
106 106
171 171
106 106
171 171
98 98
139 139
106 106
171 171
106 106
171 171
106 106
139 139
114 114
140 140
106 106
139 139
106 106
171 171
106 106
171 171
106 106
139 139
106 106
139 139
106 106
139 139
114 114
139 139
114 114
140 140
114 114
140 140
106 106
139 139
106 106
139 139
98 98
171 171
106 106
139 139
114 114
139 139
106 106
139 139
106 106
171 171
98 98
139 139
END_IMAGE:
e-puck-2 is alive !
NEW_IMAGE:
194 194
245 245
194 194
245 245
194 194
245 245
195 195
21 21
195 195
20 20
195 195
20 20
203 203
21 21
202 202
245 245
203 203
20 20
202 202
244 244
202 202
244 244
194 194
244 244
202 202
244 244
202 202
244 244
202 202
212 212
202 202
244 244
194 194
244 244
194 194
245 245
194 194
244 244
195 195
20 20
195 195
19 19
203 203
20 20
195 195
20 20
202 202
245 245
202 202
213 213
194 194
213 213
194 194
213 213
194 194
180 180
194 194
212 212
202 202
244 244
202 202
244 244
194 194
147 147
194 194
179 179
194 194
210 210
194 194
179 179
194 194
146 146
194 194
210 210
194 194
211 211
194 194
243 243
186 186
242 242
194 194
243 243
187 187
19 19
178 178
243 243
178 178
211 211
186 186
243 243
187 187
19 19
178 178
243 243
187 187
19 19
186 186
179 179
195 195
20 20
186 186
242 242
186 186
242 242
195 195
19 19
187 187
20 20
195 195
52 52
186 186
244 244
187 187
20 20
179 179
83 83
179 179
51 51
178 178
242 242
186 186
211 211
186 186
242 242
178 178
210 210
178 178
242 242
170 170
241 241
178 178
242 242
170 170
210 210
178 178
243 243
178 178
210 210
170 170
178 178
178 178
242 242
162 162
176 176
170 170
176 176
162 162
175 175
170 170
143 143
162 162
143 143
154 154
143 143
162 162
112 112
162 162
80 80
162 162
112 112
154 154
144 144
138 138
110 110
138 138
142 142
138 138
109 109
138 138
109 109
130 130
109 109
130 130
109 109
122 122
77 77
130 130
77 77
122 122
77 77
122 122
76 76
122 122
76 76
122 122
44 44
122 122
45 45
122 122
45 45
114 114
77 77
106 106
76 76
106 106
76 76
106 106
44 44
106 106
43 43
106 106
74 74
98 98
74 74
98 98
74 74
90 90
42 42
90 90
42 42
90 90
10 10
90 90
10 10
90 90
9 9
90 90
41 41
82 82
41 41
74 74
40 40
74 74
40 40
74 74
40 40
74 74
40 40
74 74
8 8
66 66
40 40
66 66
8 8
66 66
8 8
66 66
8 8
66 66
8 8
66 66
8 8
66 66
8 8
66 66
8 8
66 66
8 8
66 66
8 8
66 66
8 8
66 66
8 8
66 66
8 8
66 66
40 40
66 66
8 8
66 66
8 8
66 66
8 8
66 66
8 8
66 66
8 8
66 66
7 7
66 66
7 7
57 57
231 231
66 66
7 7
58 58
7 7
66 66
8 8
58 58
8 8
66 66
8 8
66 66
8 8
66 66
8 8
66 66
8 8
58 58
8 8
66 66
8 8
66 66
8 8
66 66
8 8
58 58
8 8
58 58
40 40
58 58
40 40
58 58
40 40
58 58
40 40
58 58
8 8
58 58
7 7
57 57
231 231
58 58
8 8
58 58
8 8
58 58
8 8
END_IMAGE:
e-puck-2 is alive !
NEW_IMAGE:
196 196
57 57
196 196
57 57
196 196
25 25
196 196
25 25
196 196
25 25
196 196
120 120
204 204
88 88
204 204
56 56
204 204
56 56
204 204
57 57
204 204
25 25
204 204
57 57
204 204
25 25
204 204
25 25
204 204
57 57
204 204
25 25
203 203
249 249
195 195
217 217
195 195
249 249
195 195
248 248
195 195
216 216
195 195
216 216
195 195
248 248
203 203
216 216
203 203
184 184
203 203
184 184
203 203
183 183
203 203
183 183
203 203
183 183
203 203
151 151
203 203
119 119
203 203
119 119
211 211
87 87
211 211
87 87
203 203
86 86
211 211
55 55
211 211
23 23
203 203
23 23
202 202
246 246
202 202
246 246
194 194
245 245
194 194
245 245
202 202
213 213
194 194
148 148
202 202
180 180
194 194
178 178
186 186
146 146
186 186
114 114
194 194
113 113
194 194
49 49
194 194
48 48
193 193
239 239
193 193
238 238
186 186
14 14
193 193
206 206
193 193
141 141
185 185
141 141
185 185
108 108
185 185
76 76
185 185
75 75
185 185
42 42
185 185
42 42
185 185
10 10
185 185
9 9
185 185
9 9
176 176
231 231
184 184
232 232
184 184
200 200
176 176
232 232
176 176
232 232
176 176
232 232
176 176
231 231
176 176
231 231
176 176
200 200
184 184
200 200
184 184
232 232
176 176
232 232
184 184
200 200
192 192
200 200
184 184
199 199
192 192
200 200
184 184
200 200
184 184
200 200
184 184
200 200
184 184
232 232
184 184
232 232
184 184
232 232
184 184
232 232
184 184
231 231
184 184
231 231
184 184
199 199
184 184
199 199
184 184
232 232
184 184
200 200
184 184
200 200
184 184
200 200
184 184
168 168
184 184
168 168
192 192
200 200
192 192
168 168
192 192
200 200
184 184
231 231
176 176
231 231
176 176
231 231
176 176
231 231
176 176
199 199
184 184
200 200
184 184
199 199
184 184
200 200
184 184
200 200
184 184
199 199
176 176
167 167
184 184
199 199
176 176
199 199
176 176
199 199
176 176
199 199
176 176
199 199
176 176
199 199
176 176
167 167
176 176
167 167
176 176
167 167
176 176
199 199
168 168
199 199
176 176
135 135
184 184
135 135
184 184
136 136
184 184
136 136
176 176
136 136
176 176
136 136
176 176
167 167
184 184
135 135
176 176
135 135
176 176
167 167
168 168
167 167
168 168
167 167
168 168
167 167
168 168
166 166
168 168
134 134
168 168
166 166
168 168
166 166
168 168
166 166
168 168
166 166
168 168
134 134
168 168
166 166
168 168
166 166
168 168
166 166
168 168
166 166
168 168
134 134
168 168
166 166
168 168
165 165
160 160
165 165
160 160
133 133
168 168
166 166
168 168
134 134
168 168
102 102
168 168
134 134
160 160
134 134
160 160
165 165
168 168
133 133
168 168
133 133
END_IMAGE:
e-puck-2 is alive !
NEW_IMAGE:
74 74
175 175
82 82
175 175
82 82
175 175
82 82
207 207
82 82
239 239
83 83
15 15
83 83
15 15
82 82
240 240
90 90
208 208
98 98
208 208
90 90
144 144
82 82
209 209
82 82
241 241
82 82
208 208
90 90
208 208
90 90
239 239
90 90
208 208
90 90
176 176
90 90
208 208
90 90
175 175
98 98
207 207
90 90
175 175
90 90
175 175
90 90
175 175
90 90
239 239
99 99
15 15
98 98
240 240
98 98
239 239
99 99
15 15
99 99
16 16
99 99
48 48
99 99
80 80
99 99
48 48
99 99
48 48
107 107
80 80
107 107
79 79
107 107
143 143
99 99
144 144
99 99
143 143
107 107
176 176
107 107
80 80
115 115
145 145
107 107
145 145
107 107
144 144
107 107
144 144
107 107
177 177
107 107
209 209
107 107
144 144
115 115
208 208
115 115
240 240
115 115
208 208
115 115
240 240
115 115
240 240
107 107
240 240
107 107
240 240
115 115
240 240
107 107
239 239
108 108
15 15
99 99
207 207
107 107
207 207
115 115
207 207
115 115
174 174
107 107
206 206
107 107
205 205
107 107
205 205
99 99
236 236
99 99
204 204
107 107
172 172
107 107
140 140
99 99
108 108
99 99
140 140
91 91
139 139
107 107
172 172
99 99
108 108
99 99
43 43
107 107
139 139
107 107
138 138
99 99
138 138
99 99
137 137
99 99
169 169
99 99
201 201
99 99
169 169
107 107
169 169
107 107
137 137
107 107
169 169
107 107
169 169
107 107
201 201
107 107
201 201
115 115
201 201
115 115
234 234
115 115
233 233
124 124
42 42
124 124
43 43
124 124
11 11
124 124
74 74
124 124
139 139
124 124
139 139
124 124
138 138
132 132
138 138
140 140
171 171
140 140
202 202
140 140
201 201
140 140
203 203
140 140
204 204
140 140
236 236
157 157
13 13
156 156
236 236
157 157
12 12
157 157
76 76
157 157
12 12
165 165
77 77
165 165
110 110
165 165
77 77
173 173
109 109
173 173
109 109
165 165
109 109
165 165
142 142
165 165
109 109
165 165
109 109
165 165
109 109
165 165
142 142
165 165
110 110
165 165
142 142
165 165
110 110
157 157
77 77
165 165
77 77
165 165
77 77
165 165
77 77
165 165
77 77
157 157
44 44
165 165
14 14
164 164
208 208
156 156
141 141
156 156
140 140
156 156
140 140
156 156
139 139
156 156
141 141
148 148
77 77
148 148
77 77
140 140
11 11
140 140
11 11
140 140
10 10
139 139
203 203
139 139
203 203
123 123
203 203
131 131
170 170
131 131
107 107
131 131
75 75
131 131
75 75
139 139
107 107
139 139
10 10
139 139
10 10
139 139
10 10
138 138
202 202
146 146
170 170
138 138
41 41
146 146
139 139
146 146
106 106
146 146
106 106
138 138
106 106
END_IMAGE:
e-puck-2 is alive !
NEW_IMAGE:
2 2
135 135
10 10
134 134
18 18
102 102
10 10
134 134
10 10
134 134
26 26
134 134
26 26
69 69
34 34
38 38
34 34
38 38
34 34
39 39
34 34
39 39
26 26
71 71
10 10
102 102
18 18
70 70
18 18
102 102
18 18
70 70
18 18
70 70
26 26
71 71
18 18
103 103
18 18
71 71
18 18
70 70
26 26
103 103
26 26
70 70
26 26
70 70
34 34
103 103
42 42
7 7
34 34
71 71
18 18
102 102
18 18
102 102
18 18
134 134
10 10
102 102
2 2
135 135
10 10
167 167
10 10
70 70
18 18
135 135
18 18
135 135
18 18
103 103
10 10
135 135
10 10
167 167
10 10
135 135
10 10
134 134
18 18
167 167
18 18
103 103
18 18
104 104
18 18
103 103
18 18
102 102
18 18
103 103
18 18
103 103
18 18
103 103
26 26
102 102
26 26
134 134
26 26
101 101
26 26
134 134
26 26
166 166
26 26
103 103
34 34
72 72
34 34
104 104
42 42
104 104
42 42
104 104
42 42
103 103
42 42
104 104
34 34
71 71
42 42
71 71
34 34
71 71
42 42
71 71
42 42
103 103
34 34
103 103
34 34
102 102
34 34
135 135
34 34
135 135
42 42
135 135
50 50
103 103
50 50
104 104
42 42
103 103
34 34
135 135
34 34
168 168
34 34
168 168
26 26
136 136
26 26
200 200
26 26
167 167
42 42
167 167
34 34
167 167
34 34
167 167
34 34
134 134
34 34
167 167
34 34
102 102
42 42
71 71
42 42
6 6
42 42
6 6
34 34
38 38
26 26
70 70
26 26
71 71
26 26
70 70
26 26
5 5
34 34
38 38
42 42
38 38
34 34
38 38
42 42
6 6
50 50
6 6
50 50
6 6
50 50
7 7
42 42
39 39
34 34
71 71
34 34
71 71
42 42
71 71
42 42
71 71
42 42
70 70
42 42
134 134
42 42
135 135
42 42
102 102
42 42
103 103
50 50
71 71
50 50
104 104
50 50
168 168
50 50
168 168
50 50
168 168
35 35
8 8
42 42
232 232
43 43
8 8
42 42
232 232
50 50
232 232
34 34
232 232
35 35
8 8
35 35
9 9
35 35
41 41
35 35
74 74
19 19
74 74
35 35
41 41
51 51
41 41
51 51
9 9
59 59
10 10
50 50
234 234
43 43
10 10
43 43
41 41
43 43
9 9
43 43
9 9
43 43
9 9
43 43
41 41
35 35
73 73
43 43
41 41
43 43
41 41
43 43
74 74
43 43
73 73
43 43
72 72
43 43
41 41
43 43
42 42
43 43
74 74
35 35
74 74
35 35
73 73
35 35
74 74
43 43
107 107
43 43
42 42
51 51
74 74
51 51
74 74
51 51
41 41
51 51
42 42
43 43
41 41
43 43
73 73
43 43
42 42
43 43
42 42
END_IMAGE:
e-puck-2 is alive !
NEW_IMAGE:
41 41
166 166
41 41
198 198
41 41
198 198
49 49
166 166
49 49
166 166
49 49
166 166
57 57
133 133
57 57
133 133
57 57
165 165
57 57
165 165
57 57
165 165
49 49
166 166
57 57
198 198
49 49
197 197
49 49
197 197
49 49
197 197
49 49
197 197
49 49
198 198
49 49
229 229
49 49
198 198
49 49
229 229
49 49
229 229
49 49
197 197
49 49
198 198
49 49
198 198
57 57
198 198
49 49
198 198
49 49
230 230
49 49
230 230
49 49
230 230
49 49
230 230
49 49
229 229
57 57
230 230
49 49
197 197
49 49
229 229
58 58
5 5
57 57
229 229
49 49
230 230
42 42
6 6
41 41
230 230
50 50
6 6
50 50
6 6
50 50
6 6
49 49
231 231
57 57
230 230
57 57
231 231
49 49
231 231
49 49
230 230
50 50
39 39
49 49
230 230
42 42
38 38
50 50
37 37
50 50
6 6
50 50
38 38
42 42
38 38
49 49
230 230
57 57
230 230
66 66
39 39
50 50
7 7
57 57
230 230
57 57
230 230
65 65
231 231
65 65
231 231
57 57
231 231
58 58
6 6
58 58
7 7
50 50
38 38
58 58
6 6
58 58
5 5
58 58
6 6
58 58
38 38
50 50
38 38
58 58
38 38
58 58
39 39
50 50
7 7
50 50
39 39
50 50
39 39
50 50
38 38
50 50
39 39
58 58
7 7
58 58
39 39
58 58
39 39
58 58
7 7
58 58
39 39
58 58
39 39
50 50
39 39
50 50
39 39
58 58
39 39
58 58
39 39
50 50
7 7
50 50
104 104
50 50
39 39
50 50
71 71
50 50
71 71
42 42
71 71
50 50
103 103
50 50
72 72
58 58
40 40
66 66
40 40
66 66
40 40
66 66
39 39
58 58
39 39
50 50
103 103
50 50
71 71
50 50
71 71
50 50
72 72
50 50
72 72
50 50
104 104
42 42
104 104
42 42
71 71
50 50
72 72
58 58
72 72
50 50
72 72
50 50
72 72
58 58
72 72
58 58
72 72
50 50
72 72
50 50
103 103
50 50
103 103
50 50
71 71
50 50
71 71
58 58
71 71
58 58
40 40
58 58
72 72
50 50
104 104
50 50
39 39
66 66
72 72
66 66
72 72
66 66
39 39
58 58
71 71
58 58
72 72
58 58
72 72
58 58
71 71
50 50
71 71
50 50
103 103
50 50
70 70
58 58
70 70
50 50
103 103
58 58
103 103
50 50
71 71
50 50
137 137
50 50
73 73
50 50
72 72
50 50
72 72
50 50
72 72
50 50
71 71
50 50
71 71
50 50
103 103
42 42
103 103
50 50
135 135
50 50
103 103
50 50
103 103
42 42
135 135
50 50
104 104
58 58
103 103
50 50
103 103
50 50
103 103
50 50
71 71
50 50
103 103
50 50
103 103
END_IMAGE:
e-puck-2 is alive !
NEW_IMAGE:
25 25
133 133
33 33
133 133
41 41
101 101
41 41
101 101
49 49
101 101
49 49
101 101
57 57
69 69
57 57
70 70
57 57
70 70
49 49
102 102
49 49
101 101
49 49
134 134
49 49
133 133
41 41
133 133
41 41
133 133
49 49
133 133
49 49
133 133
41 41
134 134
49 49
134 134
49 49
102 102
57 57
69 69
57 57
134 134
41 41
133 133
49 49
134 134
49 49
133 133
49 49
133 133
41 41
133 133
41 41
165 165
41 41
165 165
41 41
165 165
41 41
165 165
41 41
165 165
49 49
165 165
41 41
165 165
41 41
165 165
33 33
165 165
33 33
198 198
41 41
165 165
49 49
133 133
49 49
165 165
49 49
133 133
49 49
166 166
49 49
166 166
49 49
166 166
49 49
166 166
49 49
166 166
49 49
166 166
49 49
166 166
41 41
198 198
49 49
198 198
49 49
166 166
41 41
198 198
41 41
165 165
41 41
198 198
49 49
166 166
49 49
166 166
49 49
166 166
41 41
198 198
41 41
198 198
41 41
198 198
41 41
198 198
41 41
198 198
41 41
198 198
41 41
198 198
41 41
198 198
41 41
198 198
49 49
198 198
49 49
229 229
49 49
197 197
49 49
230 230
41 41
230 230
41 41
230 230
49 49
166 166
49 49
166 166
49 49
166 166
49 49
198 198
49 49
199 199
41 41
230 230
49 49
198 198
49 49
230 230
41 41
198 198
50 50
7 7
49 49
230 230
49 49
231 231
49 49
230 230
49 49
198 198
57 57
198 198
57 57
198 198
57 57
198 198
57 57
231 231
49 49
231 231
41 41
230 230
41 41
230 230
49 49
230 230
41 41
230 230
42 42
7 7
42 42
7 7
42 42
7 7
42 42
7 7
41 41
231 231
50 50
7 7
41 41
231 231
42 42
7 7
42 42
7 7
41 41
231 231
49 49
231 231
49 49
199 199
42 42
6 6
42 42
6 6
50 50
7 7
50 50
6 6
49 49
230 230
50 50
7 7
49 49
231 231
50 50
7 7
50 50
7 7
42 42
7 7
50 50
7 7
50 50
7 7
49 49
230 230
50 50
7 7
41 41
231 231
50 50
7 7
41 41
231 231
50 50
7 7
50 50
7 7
42 42
7 7
42 42
7 7
50 50
7 7
41 41
231 231
49 49
231 231
57 57
199 199
57 57
198 198
57 57
230 230
49 49
230 230
41 41
198 198
50 50
7 7
42 42
7 7
34 34
7 7
42 42
7 7
49 49
231 231
49 49
231 231
49 49
231 231
58 58
7 7
49 49
231 231
49 49
231 231
41 41
230 230
41 41
230 230
42 42
7 7
34 34
39 39
34 34
39 39
42 42
39 39
42 42
7 7
42 42
39 39
42 42
39 39
42 42
7 7
42 42
7 7
42 42
7 7
42 42
6 6
50 50
6 6
END_IMAGE:
e-puck-2 is alive !
NEW_IMAGE:
24 24
227 227
24 24
227 227
24 24
227 227
24 24
227 227
24 24
228 228
24 24
227 227
24 24
227 227
25 25
4 4
25 25
4 4
25 25
4 4
25 25
4 4
25 25
4 4
25 25
4 4
25 25
4 4
25 25
36 36
25 25
4 4
25 25
4 4
25 25
4 4
33 33
3 3
25 25
3 3
25 25
3 3
25 25
4 4
25 25
4 4
25 25
4 4
33 33
4 4
32 32
227 227
40 40
227 227
40 40
228 228
40 40
227 227
33 33
3 3
33 33
4 4
33 33
3 3
33 33
3 3
33 33
4 4
41 41
4 4
40 40
228 228
41 41
4 4
33 33
4 4
33 33
3 3
33 33
4 4
33 33
4 4
33 33
36 36
33 33
36 36
33 33
36 36
25 25
36 36
25 25
36 36
33 33
36 36
33 33
4 4
33 33
4 4
33 33
36 36
33 33
36 36
33 33
36 36
25 25
68 68
25 25
68 68
25 25
36 36
25 25
36 36
25 25
36 36
33 33
36 36
25 25
36 36
33 33
36 36
33 33
36 36
33 33
68 68
25 25
36 36
33 33
36 36
33 33
36 36
33 33
36 36
33 33
36 36
25 25
37 37
25 25
36 36
25 25
36 36
25 25
36 36
33 33
101 101
33 33
36 36
33 33
69 69
33 33
36 36
25 25
68 68
25 25
36 36
33 33
36 36
41 41
4 4
33 33
36 36
25 25
68 68
25 25
36 36
33 33
36 36
33 33
4 4
33 33
4 4
33 33
36 36
25 25
67 67
25 25
68 68
25 25
100 100
25 25
100 100
33 33
101 101
33 33
101 101
33 33
69 69
33 33
101 101
33 33
101 101
33 33
101 101
33 33
101 101
25 25
133 133
25 25
101 101
25 25
101 101
33 33
101 101
33 33
69 69
33 33
69 69
25 25
101 101
17 17
101 101
25 25
101 101
25 25
101 101
25 25
101 101
25 25
101 101
25 25
101 101
33 33
101 101
33 33
101 101
33 33
101 101
33 33
101 101
25 25
101 101
25 25
101 101
33 33
101 101
33 33
101 101
41 41
69 69
33 33
68 68
33 33
101 101
33 33
69 69
33 33
101 101
33 33
100 100
33 33
101 101
41 41
69 69
41 41
69 69
41 41
69 69
41 41
101 101
33 33
69 69
33 33
101 101
33 33
101 101
33 33
69 69
25 25
101 101
25 25
101 101
25 25
101 101
33 33
101 101
33 33
69 69
33 33
69 69
33 33
69 69
33 33
101 101
33 33
132 132
33 33
101 101
25 25
133 133
17 17
133 133
25 25
165 165
25 25
133 133
25 25
132 132
33 33
101 101
33 33
133 133
25 25
101 101
25 25
101 101
25 25
133 133
33 33
101 101
33 33
101 101
33 33
101 101
33 33
133 133
25 25
132 132
33 33
132 132
25 25
100 100
END_IMAGE:
e-puck-2 is alive !
NEW_IMAGE:
72 72
197 197
64 64
197 197
64 64
229 229
64 64
197 197
64 64
229 229
64 64
197 197
72 72
197 197
72 72
198 198
72 72
197 197
72 72
229 229
64 64
229 229
64 64
229 229
64 64
197 197
64 64
230 230
64 64
230 230
64 64
230 230
64 64
230 230
64 64
230 230
65 65
6 6
64 64
230 230
64 64
229 229
72 72
230 230
72 72
197 197
72 72
198 198
72 72
229 229
72 72
229 229
72 72
229 229
73 73
5 5
72 72
229 229
72 72
230 230
73 73
6 6
64 64
230 230
65 65
6 6
65 65
5 5
57 57
5 5
65 65
6 6
57 57
6 6
57 57
37 37
57 57
37 37
57 57
37 37
57 57
37 37
65 65
6 6
65 65
6 6
65 65
6 6
73 73
6 6
65 65
38 38
65 65
6 6
73 73
7 7
65 65
6 6
65 65
38 38
65 65
38 38
65 65
38 38
65 65
6 6
73 73
6 6
73 73
6 6
65 65
6 6
65 65
38 38
65 65
6 6
73 73
6 6
73 73
6 6
73 73
6 6
65 65
38 38
65 65
38 38
65 65
38 38
73 73
38 38
73 73
38 38
73 73
38 38
65 65
38 38
57 57
70 70
65 65
38 38
65 65
6 6
73 73
38 38
73 73
38 38
73 73
38 38
73 73
38 38
73 73
38 38
73 73
6 6
73 73
6 6
73 73
6 6
65 65
39 39
65 65
39 39
65 65
39 39
73 73
38 38
65 65
7 7
73 73
38 38
73 73
70 70
65 65
70 70
65 65
71 71
57 57
70 70
65 65
71 71
65 65
39 39
73 73
39 39
65 65
39 39
57 57
70 70
65 65
71 71
65 65
39 39
57 57
71 71
57 57
71 71
65 65
70 70
65 65
102 102
57 57
102 102
57 57
102 102
57 57
102 102
65 65
70 70
65 65
38 38
73 73
39 39
73 73
39 39
65 65
71 71
65 65
71 71
65 65
70 70
65 65
71 71
73 73
71 71
81 81
38 38
73 73
71 71
73 73
70 70
65 65
102 102
65 65
102 102
57 57
102 102
57 57
102 102
57 57
70 70
65 65
70 70
65 65
71 71
65 65
71 71
57 57
71 71
57 57
71 71
57 57
103 103
49 49
135 135
57 57
103 103
65 65
103 103
65 65
103 103
65 65
71 71
65 65
71 71
65 65
71 71
73 73
38 38
73 73
38 38
73 73
38 38
73 73
70 70
73 73
135 135
57 57
103 103
57 57
103 103
57 57
71 71
57 57
70 70
57 57
102 102
57 57
135 135
57 57
102 102
49 49
103 103
49 49
103 103
57 57
136 136
57 57
71 71
57 57
103 103
57 57
71 71
57 57
103 103
57 57
103 103
57 57
103 103
57 57
103 103
49 49
103 103
49 49
135 135
49 49
135 135
49 49
135 135
49 49
135 135
END_IMAGE:
e-puck-2 is alive !
NEW_IMAGE:
80 80
197 197
80 80
229 229
80 80
229 229
80 80
229 229
80 80
229 229
73 73
5 5
80 80
229 229
80 80
230 230
80 80
230 230
80 80
229 229
80 80
230 230
80 80
229 229
72 72
229 229
72 72
229 229
72 72
229 229
80 80
230 230
80 80
230 230
80 80
198 198
80 80
198 198
80 80
198 198
80 80
229 229
80 80
229 229
80 80
229 229
80 80
197 197
88 88
230 230
88 88
229 229
88 88
230 230
80 80
230 230
80 80
230 230
88 88
230 230
88 88
198 198
88 88
230 230
88 88
230 230
80 80
230 230
80 80
230 230
81 81
5 5
80 80
229 229
80 80
230 230
80 80
230 230
73 73
5 5
73 73
5 5
73 73
5 5
81 81
6 6
73 73
6 6
81 81
6 6
81 81
6 6
81 81
6 6
81 81
38 38
73 73
5 5
81 81
6 6
81 81
6 6
81 81
38 38
81 81
6 6
73 73
6 6
81 81
38 38
81 81
6 6
81 81
6 6
81 81
38 38
81 81
38 38
81 81
38 38
81 81
38 38
81 81
38 38
81 81
6 6
81 81
6 6
73 73
38 38
73 73
38 38
73 73
38 38
73 73
38 38
81 81
6 6
81 81
38 38
81 81
38 38
81 81
6 6
81 81
6 6
81 81
38 38
81 81
37 37
81 81
38 38
81 81
38 38
81 81
38 38
81 81
38 38
81 81
70 70
73 73
70 70
73 73
70 70
73 73
70 70
73 73
70 70
81 81
70 70
73 73
6 6
73 73
38 38
73 73
38 38
81 81
6 6
81 81
38 38
73 73
38 38
65 65
70 70
57 57
103 103
65 65
102 102
65 65
70 70
73 73
70 70
81 81
38 38
73 73
70 70
73 73
102 102
81 81
70 70
81 81
70 70
73 73
70 70
73 73
102 102
73 73
70 70
73 73
70 70
73 73
70 70
73 73
70 70
73 73
70 70
73 73
70 70
73 73
70 70
73 73
70 70
73 73
70 70
73 73
70 70
73 73
70 70
73 73
102 102
65 65
102 102
65 65
102 102
65 65
102 102
65 65
102 102
65 65
102 102
65 65
102 102
65 65
70 70
65 65
70 70
65 65
70 70
73 73
70 70
73 73
103 103
65 65
103 103
57 57
134 134
57 57
134 134
65 65
135 135
65 65
102 102
65 65
102 102
73 73
102 102
73 73
70 70
73 73
70 70
65 65
70 70
65 65
70 70
65 65
70 70
57 57
70 70
57 57
102 102
57 57
102 102
57 57
134 134
57 57
102 102
57 57
102 102
57 57
102 102
57 57
102 102
57 57
102 102
57 57
134 134
57 57
134 134
57 57
134 134
57 57
102 102
57 57
102 102
57 57
102 102
57 57
102 102
57 57
102 102
57 57
102 102
57 57
166 166
57 57
102 102
49 49
134 134
57 57
134 134
END_IMAGE:
e-puck-2 is alive !
NEW_IMAGE:
57 57
69 69
65 65
70 70
65 65
70 70
73 73
38 38
73 73
70 70
65 65
70 70
65 65
70 70
73 73
70 70
73 73
70 70
73 73
70 70
73 73
70 70
65 65
102 102
65 65
102 102
65 65
134 134
65 65
102 102
65 65
101 101
65 65
102 102
65 65
102 102
65 65
102 102
65 65
102 102
65 65
102 102
73 73
102 102
73 73
70 70
73 73
70 70
81 81
70 70
73 73
102 102
73 73
70 70
73 73
102 102
73 73
102 102
73 73
102 102
73 73
102 102
73 73
102 102
73 73
102 102
73 73
102 102
65 65
134 134
65 65
134 134
65 65
134 134
57 57
134 134
65 65
134 134
65 65
102 102
65 65
134 134
65 65
102 102
65 65
102 102
65 65
102 102
65 65
102 102
65 65
134 134
65 65
134 134
65 65
134 134
65 65
134 134
57 57
134 134
57 57
134 134
65 65
166 166
57 57
166 166
57 57
166 166
57 57
166 166
57 57
166 166
65 65
134 134
65 65
134 134
65 65
102 102
65 65
134 134
65 65
134 134
65 65
134 134
73 73
134 134
65 65
135 135
65 65
134 134
65 65
166 166
65 65
166 166
65 65
166 166
65 65
166 166
57 57
166 166
65 65
199 199
65 65
166 166
65 65
166 166
73 73
166 166
81 81
134 134
73 73
167 167
57 57
167 167
57 57
167 167
57 57
199 199
57 57
199 199
57 57
199 199
57 57
199 199
65 65
167 167
57 57
199 199
57 57
199 199
65 65
167 167
73 73
134 134
73 73
167 167
65 65
167 167
65 65
167 167
65 65
167 167
65 65
167 167
73 73
167 167
57 57
199 199
57 57
231 231
57 57
231 231
57 57
231 231
57 57
199 199
65 65
199 199
57 57
199 199
57 57
199 199
57 57
199 199
57 57
199 199
57 57
199 199
57 57
199 199
57 57
199 199
57 57
199 199
65 65
231 231
57 57
199 199
57 57
199 199
57 57
199 199
57 57
199 199
57 57
199 199
57 57
199 199
57 57
199 199
57 57
199 199
57 57
231 231
57 57
199 199
57 57
199 199
57 57
199 199
57 57
199 199
57 57
199 199
57 57
199 199
57 57
199 199
57 57
199 199
57 57
199 199
57 57
199 199
57 57
199 199
57 57
199 199
57 57
199 199
57 57
199 199
57 57
231 231
57 57
198 198
57 57
198 198
57 57
198 198
57 57
198 198
57 57
198 198
57 57
199 199
57 57
199 199
57 57
167 167
57 57
167 167
57 57
199 199
57 57
199 199
57 57
199 199
57 57
199 199
57 57
199 199
65 65
199 199
65 65
199 199
57 57
199 199
57 57
199 199
57 57
167 167
65 65
199 199
65 65
199 199
65 65
199 199
73 73
167 167
65 65
199 199
73 73
199 199
65 65
200 200
65 65
200 200
65 65
200 200
END_IMAGE:
e-puck-2 is alive !
NEW_IMAGE:
73 73
37 37
73 73
37 37
73 73
38 38
65 65
102 102
65 65
102 102
65 65
102 102
73 73
102 102
73 73
102 102
73 73
102 102
65 65
70 70
65 65
102 102
65 65
102 102
73 73
102 102
65 65
102 102
73 73
102 102
73 73
70 70
81 81
70 70
81 81
70 70
73 73
102 102
73 73
102 102
73 73
102 102
73 73
102 102
73 73
102 102
73 73
102 102
73 73
102 102
73 73
102 102
65 65
134 134
73 73
134 134
73 73
102 102
73 73
134 134
65 65
134 134
65 65
134 134
65 65
134 134
73 73
134 134
81 81
102 102
81 81
70 70
81 81
102 102
73 73
102 102
73 73
102 102
73 73
102 102
81 81
102 102
73 73
134 134
65 65
102 102
65 65
135 135
65 65
166 166
65 65
166 166
65 65
166 166
65 65
134 134
73 73
134 134
65 65
166 166
65 65
166 166
65 65
166 166
65 65
166 166
65 65
166 166
65 65
166 166
65 65
166 166
73 73
134 134
73 73
134 134
73 73
134 134
73 73
134 134
73 73
102 102
73 73
166 166
73 73
166 166
73 73
166 166
73 73
166 166
73 73
166 166
73 73
166 166
73 73
166 166
65 65
166 166
65 65
167 167
65 65
199 199
65 65
199 199
65 65
199 199
65 65
167 167
73 73
166 166
65 65
167 167
65 65
167 167
65 65
166 166
65 65
166 166
65 65
166 166
73 73
166 166
73 73
198 198
73 73
166 166
73 73
198 198
73 73
166 166
65 65
199 199
65 65
231 231
65 65
198 198
73 73
166 166
73 73
198 198
73 73
198 198
73 73
198 198
73 73
198 198
73 73
198 198
73 73
166 166
65 65
199 199
65 65
231 231
57 57
231 231
57 57
231 231
65 65
231 231
65 65
231 231
65 65
199 199
65 65
199 199
65 65
199 199
65 65
199 199
65 65
199 199
65 65
199 199
65 65
199 199
65 65
199 199
65 65
199 199
65 65
199 199
65 65
199 199
65 65
199 199
65 65
231 231
57 57
199 199
65 65
231 231
65 65
231 231
57 57
199 199
65 65
199 199
65 65
199 199
57 57
199 199
57 57
199 199
57 57
199 199
57 57
199 199
57 57
231 231
57 57
231 231
57 57
231 231
57 57
231 231
65 65
231 231
65 65
231 231
65 65
231 231
65 65
231 231
65 65
231 231
57 57
231 231
57 57
231 231
57 57
231 231
57 57
199 199
57 57
199 199
57 57
199 199
57 57
199 199
57 57
199 199
57 57
199 199
57 57
199 199
57 57
199 199
57 57
199 199
57 57
199 199
57 57
231 231
57 57
231 231
57 57
231 231
57 57
199 199
57 57
199 199
57 57
199 199
57 57
199 199
57 57
231 231
57 57
231 231
57 57
231 231
57 57
231 231
49 49
167 167
57 57
232 232
57 57
199 199
END_IMAGE:
e-puck-2 is alive !
NEW_IMAGE:
73 73
70 70
73 73
70 70
73 73
70 70
73 73
70 70
73 73
70 70
81 81
70 70
81 81
70 70
81 81
70 70
81 81
70 70
81 81
102 102
73 73
102 102
73 73
102 102
81 81
70 70
73 73
102 102
65 65
134 134
65 65
102 102
65 65
134 134
65 65
134 134
73 73
103 103
65 65
134 134
65 65
134 134
65 65
135 135
73 73
135 135
73 73
102 102
73 73
102 102
73 73
102 102
73 73
102 102
65 65
134 134
65 65
135 135
65 65
135 135
65 65
135 135
65 65
134 134
73 73
102 102
73 73
102 102
73 73
102 102
73 73
134 134
65 65
166 166
65 65
134 134
81 81
134 134
73 73
134 134
81 81
135 135
73 73
135 135
65 65
135 135
73 73
103 103
81 81
102 102
73 73
134 134
65 65
166 166
65 65
166 166
73 73
167 167
65 65
134 134
65 65
167 167
73 73
134 134
81 81
135 135
81 81
167 167
81 81
135 135
73 73
168 168
65 65
167 167
65 65
231 231
65 65
199 199
65 65
199 199
73 73
167 167
73 73
167 167
73 73
166 166
73 73
167 167
73 73
167 167
73 73
167 167
73 73
167 167
73 73
167 167
73 73
167 167
73 73
167 167
65 65
199 199
73 73
167 167
73 73
167 167
73 73
167 167
73 73
167 167
73 73
167 167
65 65
199 199
73 73
167 167
73 73
167 167
73 73
167 167
73 73
199 199
73 73
199 199
73 73
199 199
73 73
167 167
73 73
167 167
73 73
199 199
73 73
199 199
65 65
231 231
57 57
231 231
65 65
231 231
73 73
231 231
65 65
231 231
65 65
232 232
65 65
232 232
65 65
232 232
65 65
231 231
65 65
199 199
65 65
199 199
65 65
231 231
65 65
231 231
66 66
8 8
65 65
231 231
65 65
231 231
65 65
231 231
65 65
231 231
65 65
231 231
65 65
231 231
65 65
231 231
65 65
231 231
65 65
231 231
65 65
231 231
65 65
231 231
65 65
232 232
65 65
232 232
65 65
232 232
66 66
8 8
65 65
232 232
65 65
231 231
73 73
199 199
65 65
231 231
65 65
231 231
65 65
231 231
65 65
231 231
57 57
231 231
65 65
231 231
65 65
231 231
66 66
7 7
66 66
7 7
66 66
7 7
66 66
8 8
66 66
8 8
66 66
7 7
57 57
231 231
65 65
231 231
57 57
231 231
65 65
231 231
65 65
231 231
65 65
231 231
65 65
231 231
65 65
231 231
58 58
8 8
57 57
231 231
57 57
231 231
57 57
231 231
57 57
231 231
57 57
231 231
57 57
231 231
57 57
231 231
57 57
231 231
57 57
231 231
58 58
7 7
65 65
231 231
65 65
231 231
66 66
8 8
66 66
7 7
66 66
7 7
66 66
7 7
57 57
231 231
66 66
7 7
58 58
7 7
END_IMAGE:
e-puck-2 is alive !
NEW_IMAGE:
89 89
39 39
89 89
72 72
81 81
72 72
81 81
104 104
81 81
104 104
81 81
104 104
81 81
104 104
81 81
104 104
81 81
104 104
89 89
72 72
89 89
72 72
89 89
104 104
97 97
71 71
89 89
72 72
81 81
104 104
73 73
104 104
73 73
104 104
73 73
104 104
73 73
104 104
73 73
103 103
73 73
103 103
81 81
103 103
89 89
71 71
89 89
104 104
89 89
72 72
89 89
104 104
81 81
71 71
81 81
104 104
81 81
103 103
81 81
104 104
81 81
135 135
73 73
135 135
73 73
135 135
73 73
134 134
73 73
134 134
73 73
135 135
81 81
135 135
73 73
135 135
73 73
135 135
73 73
167 167
73 73
167 167
65 65
167 167
65 65
199 199
65 65
199 199
73 73
167 167
81 81
135 135
89 89
103 103
89 89
72 72
89 89
104 104
81 81
104 104
81 81
104 104
81 81
135 135
81 81
135 135
81 81
135 135
89 89
135 135
73 73
136 136
65 65
200 200
65 65
168 168
65 65
135 135
73 73
136 136
81 81
103 103
73 73
103 103
73 73
135 135
81 81
135 135
81 81
135 135
73 73
168 168
57 57
199 199
57 57
167 167
65 65
135 135
65 65
135 135
73 73
135 135
65 65
135 135
57 57
135 135
57 57
167 167
65 65
135 135
57 57
167 167
57 57
167 167
49 49
167 167
57 57
167 167
57 57
167 167
57 57
167 167
57 57
167 167
65 65
167 167
65 65
167 167
65 65
166 166
57 57
199 199
57 57
167 167
57 57
167 167
57 57
167 167
57 57
167 167
57 57
199 199
57 57
167 167
57 57
199 199
57 57
199 199
57 57
199 199
57 57
199 199
57 57
199 199
57 57
199 199
57 57
199 199
57 57
199 199
57 57
198 198
57 57
198 198
57 57
198 198
57 57
199 199
57 57
198 198
57 57
199 199
57 57
199 199
57 57
167 167
57 57
167 167
57 57
167 167
57 57
167 167
57 57
167 167
57 57
167 167
57 57
167 167
57 57
199 199
57 57
167 167
57 57
167 167
57 57
167 167
57 57
199 199
49 49
167 167
49 49
167 167
49 49
166 166
49 49
166 166
49 49
167 167
49 49
167 167
57 57
167 167
57 57
167 167
57 57
167 167
57 57
167 167
57 57
167 167
57 57
167 167
57 57
166 166
57 57
166 166
57 57
166 166
49 49
166 166
49 49
166 166
49 49
166 166
49 49
198 198
49 49
199 199
41 41
166 166
41 41
199 199
49 49
198 198
57 57
166 166
57 57
166 166
49 49
166 166
49 49
166 166
49 49
166 166
49 49
166 166
49 49
166 166
49 49
166 166
49 49
166 166
49 49
198 198
49 49
231 231
49 49
166 166
57 57
166 166
49 49
166 166
49 49
198 198
49 49
166 166
49 49
166 166
49 49
166 166
END_IMAGE:
e-puck-2 is alive !
NEW_IMAGE:
89 89
104 104
81 81
136 136
81 81
168 168
81 81
169 169
81 81
169 169
81 81
168 168
81 81
168 168
89 89
168 168
89 89
169 169
89 89
137 137
89 89
169 169
89 89
169 169
89 89
169 169
89 89
202 202
81 81
202 202
97 97
170 170
97 97
137 137
89 89
169 169
97 97
169 169
97 97
169 169
105 105
169 169
97 97
169 169
97 97
169 169
97 97
201 201
89 89
201 201
89 89
202 202
89 89
234 234
89 89
202 202
97 97
202 202
97 97
202 202
97 97
170 170
97 97
170 170
105 105
170 170
97 97
170 170
97 97
202 202
105 105
202 202
97 97
201 201
105 105
201 201
105 105
201 201
97 97
202 202
89 89
234 234
89 89
234 234
97 97
234 234
97 97
234 234
97 97
201 201
97 97
233 233
105 105
202 202
105 105
202 202
105 105
202 202
105 105
202 202
105 105
202 202
105 105
234 234
105 105
234 234
105 105
233 233
97 97
201 201
105 105
202 202
105 105
202 202
105 105
202 202
113 113
234 234
113 113
234 234
113 113
202 202
113 113
202 202
113 113
202 202
113 113
202 202
113 113
202 202
105 105
234 234
98 98
10 10
105 105
234 234
105 105
234 234
105 105
234 234
105 105
234 234
105 105
234 234
105 105
234 234
105 105
234 234
105 105
234 234
97 97
234 234
90 90
42 42
97 97
234 234
97 97
202 202
97 97
202 202
97 97
202 202
97 97
201 201
105 105
202 202
105 105
170 170
105 105
169 169
97 97
202 202
89 89
233 233
81 81
233 233
89 89
233 233
89 89
233 233
89 89
233 233
81 81
233 233
81 81
233 233
74 74
9 9
74 74
9 9
74 74
9 9
74 74
9 9
81 81
233 233
89 89
233 233
89 89
233 233
89 89
233 233
81 81
200 200
81 81
233 233
90 90
9 9
81 81
233 233
81 81
233 233
89 89
233 233
89 89
232 232
89 89
200 200
81 81
233 233
74 74
41 41
74 74
9 9
74 74
8 8
74 74
8 8
82 82
8 8
81 81
232 232
81 81
232 232
73 73
232 232
73 73
232 232
66 66
8 8
66 66
8 8
57 57
232 232
65 65
232 232
65 65
232 232
65 65
232 232
73 73
232 232
73 73
200 200
81 81
201 201
81 81
201 201
81 81
233 233
73 73
232 232
73 73
232 232
65 65
232 232
65 65
232 232
65 65
232 232
65 65
232 232
65 65
232 232
65 65
232 232
65 65
232 232
65 65
232 232
65 65
232 232
65 65
232 232
65 65
232 232
73 73
231 231
73 73
199 199
73 73
199 199
73 73
199 199
73 73
232 232
65 65
232 232
65 65
232 232
65 65
232 232
65 65
232 232
65 65
232 232
65 65
231 231
65 65
231 231
65 65
231 231
65 65
231 231
65 65
232 232
65 65
231 231
65 65
232 232
END_IMAGE:
