e-puck-2 is alive !
NEW_IMAGE:
49 49
198 198
49 49
166 166
49 49
166 166
49 49
167 167
57 57
167 167
57 57
167 167
57 57
198 198
57 57
199 199
57 57
198 198
57 57
198 198
57 57
199 199
57 57
199 199
65 65
231 231
57 57
166 166
57 57
199 199
57 57
199 199
57 57
231 231
57 57
199 199
65 65
199 199
57 57
199 199
65 65
231 231
65 65
199 199
57 57
199 199
65 65
231 231
65 65
199 199
65 65
199 199
65 65
199 199
65 65
199 199
57 57
231 231
65 65
231 231
57 57
231 231
65 65
231 231
65 65
231 231
65 65
231 231
65 65
199 199
65 65
199 199
65 65
231 231
57 57
231 231
57 57
231 231
66 66
7 7
66 66
8 8
57 57
231 231
65 65
231 231
65 65
231 231
65 65
231 231
66 66
8 8
66 66
8 8
66 66
8 8
66 66
7 7
66 66
8 8
66 66
7 7
66 66
7 7
66 66
8 8
66 66
8 8
74 74
8 8
73 73
232 232
73 73
232 232
65 65
232 232
66 66
8 8
66 66
8 8
66 66
8 8
74 74
8 8
73 73
232 232
73 73
232 232
82 82
8 8
73 73
232 232
74 74
8 8
74 74
8 8
74 74
40 40
66 66
40 40
66 66
40 40
66 66
40 40
66 66
8 8
74 74
8 8
66 66
8 8
74 74
40 40
74 74
8 8
74 74
41 41
74 74
8 8
74 74
40 40
74 74
8 8
74 74
40 40
74 74
9 9
74 74
9 9
74 74
40 40
74 74
8 8
74 74
40 40
74 74
40 40
74 74
8 8
74 74
8 8
74 74
40 40
74 74
8 8
74 74
8 8
74 74
40 40
74 74
41 41
74 74
41 41
66 66
9 9
74 74
41 41
74 74
40 40
74 74
41 41
74 74
8 8
74 74
8 8
74 74
8 8
74 74
8 8
73 73
232 232
73 73
232 232
73 73
199 199
65 65
167 167
73 73
199 199
65 65
199 199
57 57
167 167
57 57
199 199
57 57
199 199
57 57
167 167
57 57
167 167
57 57
167 167
57 57
199 199
57 57
231 231
57 57
230 230
57 57
230 230
57 57
198 198
57 57
199 199
65 65
199 199
65 65
199 199
65 65
199 199
57 57
199 199
65 65
231 231
57 57
198 198
57 57
198 198
57 57
198 198
57 57
166 166
65 65
165 165
65 65
133 133
65 65
133 133
65 65
134 134
57 57
133 133
57 57
133 133
49 49
101 101
49 49
133 133
49 49
133 133
49 49
101 101
49 49
101 101
57 57
101 101
49 49
133 133
41 41
101 101
49 49
101 101
57 57
101 101
49 49
101 101
49 49
101 101
49 49
101 101
57 57
101 101
49 49
101 101
49 49
101 101
49 49
101 101
49 49
69 69
49 49
100 100
49 49
132 132
41 41
101 101
41 41
69 69
41 41
68 68
END_IMAGE:
e-puck-2 is alive !
NEW_IMAGE:
65 65
133 133
65 65
165 165
65 65
166 166
65 65
198 198
57 57
198 198
57 57
198 198
65 65
197 197
65 65
230 230
65 65
230 230
65 65
198 198
65 65
198 198
65 65
198 198
65 65
230 230
57 57
230 230
65 65
230 230
65 65
198 198
65 65
230 230
57 57
230 230
65 65
230 230
65 65
230 230
65 65
230 230
66 66
6 6
66 66
6 6
66 66
5 5
73 73
230 230
66 66
6 6
58 58
38 38
65 65
231 231
73 73
230 230
73 73
231 231
73 73
231 231
65 65
199 199
73 73
231 231
65 65
232 232
65 65
231 231
65 65
231 231
65 65
230 230
65 65
230 230
65 65
230 230
65 65
198 198
65 65
198 198
65 65
199 199
65 65
199 199
57 57
199 199
57 57
199 199
57 57
199 199
57 57
166 166
57 57
198 198
57 57
166 166
49 49
166 166
49 49
166 166
49 49
166 166
57 57
166 166
57 57
166 166
57 57
165 165
57 57
166 166
57 57
166 166
49 49
166 166
49 49
133 133
57 57
166 166
49 49
166 166
49 49
166 166
57 57
166 166
57 57
165 165
57 57
134 134
57 57
198 198
49 49
166 166
57 57
166 166
57 57
166 166
57 57
198 198
49 49
166 166
57 57
198 198
57 57
197 197
49 49
133 133
49 49
133 133
49 49
133 133
57 57
133 133
49 49
133 133
49 49
133 133
49 49
165 165
49 49
133 133
49 49
101 101
57 57
133 133
65 65
101 101
57 57
101 101
57 57
101 101
57 57
133 133
57 57
101 101
65 65
134 134
65 65
102 102
57 57
101 101
49 49
166 166
49 49
198 198
57 57
199 199
49 49
166 166
49 49
166 166
57 57
198 198
49 49
166 166
57 57
199 199
57 57
166 166
57 57
198 198
57 57
198 198
57 57
198 198
57 57
198 198
57 57
231 231
57 57
199 199
57 57
231 231
49 49
166 166
57 57
198 198
57 57
198 198
49 49
166 166
57 57
198 198
57 57
198 198
57 57
198 198
57 57
198 198
49 49
134 134
49 49
134 134
49 49
166 166
49 49
133 133
49 49
166 166
49 49
101 101
49 49
101 101
49 49
165 165
49 49
133 133
49 49
133 133
49 49
133 133
49 49
166 166
49 49
133 133
41 41
133 133
41 41
133 133
49 49
133 133
41 41
101 101
41 41
101 101
41 41
101 101
41 41
101 101
41 41
68 68
41 41
68 68
41 41
68 68
41 41
68 68
33 33
36 36
41 41
36 36
41 41
36 36
33 33
3 3
33 33
36 36
33 33
4 4
33 33
36 36
33 33
4 4
33 33
4 4
32 32
227 227
33 33
36 36
25 25
3 3
33 33
36 36
25 25
3 3
25 25
4 4
25 25
4 4
25 25
4 4
25 25
36 36
25 25
3 3
33 33
4 4
33 33
4 4
END_IMAGE:
e-puck-2 is alive !
NEW_IMAGE:
82 82
171 171
82 82
73 73
81 81
168 168
81 81
167 167
89 89
167 167
81 81
134 134
89 89
101 101
97 97
134 134
97 97
101 101
97 97
69 69
97 97
69 69
97 97
69 69
97 97
69 69
105 105
69 69
105 105
36 36
105 105
37 37
105 105
36 36
105 105
36 36
105 105
36 36
104 104
227 227
105 105
3 3
105 105
3 3
113 113
3 3
113 113
3 3
104 104
227 227
112 112
228 228
104 104
227 227
105 105
3 3
104 104
227 227
113 113
3 3
112 112
226 226
112 112
226 226
112 112
194 194
112 112
194 194
120 120
226 226
120 120
194 194
112 112
194 194
120 120
194 194
120 120
194 194
120 120
193 193
120 120
193 193
112 112
226 226
112 112
194 194
112 112
195 195
120 120
195 195
120 120
163 163
128 128
194 194
120 120
194 194
120 120
194 194
120 120
194 194
120 120
226 226
120 120
226 226
120 120
194 194
120 120
194 194
128 128
194 194
128 128
194 194
128 128
194 194
128 128
194 194
128 128
194 194
128 128
194 194
136 136
194 194
128 128
194 194
136 136
194 194
136 136
194 194
136 136
227 227
136 136
195 195
136 136
194 194
136 136
194 194
136 136
226 226
136 136
226 226
128 128
226 226
136 136
227 227
144 144
195 195
144 144
195 195
136 136
194 194
136 136
227 227
145 145
2 2
145 145
2 2
145 145
3 3
145 145
3 3
152 152
227 227
161 161
4 4
153 153
4 4
153 153
36 36
153 153
36 36
153 153
4 4
161 161
4 4
161 161
4 4
169 169
37 37
161 161
5 5
161 161
37 37
160 160
229 229
177 177
5 5
177 177
37 37
177 177
37 37
169 169
36 36
169 169
36 36
169 169
4 4
177 177
36 36
185 185
37 37
177 177
37 37
177 177
37 37
177 177
101 101
169 169
69 69
177 177
69 69
177 177
69 69
185 185
37 37
185 185
69 69
177 177
101 101
177 177
69 69
177 177
69 69
177 177
69 69
185 185
101 101
185 185
101 101
177 177
134 134
185 185
134 134
185 185
134 134
185 185
134 134
185 185
134 134
185 185
101 101
185 185
166 166
185 185
166 166
193 193
166 166
193 193
198 198
193 193
198 198
193 193
199 199
193 193
199 199
193 193
200 200
201 201
231 231
202 202
8 8
201 201
231 231
209 209
231 231
209 209
232 232
209 209
231 231
209 209
231 231
209 209
231 231
209 209
231 231
209 209
232 232
209 209
232 232
209 209
233 233
210 210
40 40
210 210
7 7
210 210
8 8
210 210
8 8
210 210
9 9
210 210
9 9
218 218
9 9
218 218
41 41
218 218
40 40
218 218
40 40
218 218
72 72
218 218
73 73
218 218
73 73
226 226
105 105
218 218
74 74
218 218
74 74
218 218
74 74
218 218
74 74
218 218
105 105
218 218
137 137
END_IMAGE:
e-puck-2 is alive !
NEW_IMAGE:
133 133
119 119
133 133
151 151
133 133
150 150
141 141
183 183
141 141
183 183
141 141
183 183
149 149
183 183
149 149
183 183
149 149
183 183
141 141
183 183
141 141
183 183
141 141
183 183
149 149
183 183
149 149
183 183
149 149
184 184
149 149
184 184
149 149
184 184
149 149
216 216
149 149
216 216
149 149
215 215
149 149
183 183
149 149
216 216
149 149
216 216
149 149
216 216
149 149
216 216
157 157
184 184
149 149
183 183
149 149
183 183
149 149
184 184
149 149
215 215
149 149
215 215
149 149
151 151
141 141
151 151
141 141
183 183
141 141
119 119
141 141
86 86
133 133
118 118
133 133
119 119
133 133
119 119
133 133
86 86
133 133
53 53
125 125
54 54
125 125
54 54
125 125
53 53
125 125
21 21
133 133
21 21
124 124
245 245
124 124
245 245
124 124
244 244
124 124
245 245
116 116
245 245
116 116
244 244
116 116
212 212
116 116
212 212
124 124
179 179
124 124
147 147
116 116
147 147
116 116
212 212
108 108
180 180
108 108
148 148
116 116
115 115
116 116
115 115
116 116
115 115
108 108
115 115
116 116
114 114
108 108
81 81
100 100
81 81
100 100
82 82
108 108
50 50
107 107
241 241
107 107
240 240
99 99
240 240
99 99
241 241
91 91
208 208
91 91
240 240
91 91
240 240
91 91
240 240
91 91
176 176
99 99
144 144
91 91
175 175
83 83
175 175
83 83
142 142
83 83
110 110
91 91
143 143
91 91
111 111
83 83
78 78
83 83
78 78
75 75
46 46
83 83
13 13
90 90
237 237
82 82
236 236
74 74
205 205
66 66
206 206
58 58
173 173
58 58
172 172
58 58
139 139
58 58
139 139
58 58
138 138
58 58
73 73
58 58
73 73
50 50
42 42
41 41
233 233
42 42
9 9
42 42
8 8
41 41
199 199
41 41
199 199
41 41
199 199
41 41
167 167
41 41
199 199
41 41
167 167
41 41
167 167
41 41
167 167
41 41
166 166
41 41
199 199
41 41
167 167
41 41
167 167
41 41
167 167
49 49
168 168
49 49
135 135
49 49
135 135
49 49
135 135
41 41
167 167
41 41
167 167
41 41
167 167
41 41
167 167
41 41
167 167
41 41
199 199
41 41
167 167
33 33
199 199
41 41
167 167
41 41
167 167
41 41
167 167
41 41
167 167
41 41
166 166
49 49
134 134
41 41
134 134
41 41
134 134
41 41
134 134
41 41
134 134
41 41
134 134
41 41
134 134
33 33
167 167
33 33
134 134
41 41
134 134
41 41
134 134
33 33
134 134
41 41
134 134
41 41
101 101
41 41
101 101
33 33
101 101
41 41
134 134
33 33
102 102
33 33
101 101
33 33
101 101
33 33
101 101
33 33
101 101
33 33
69 69
33 33
69 69
41 41
69 69
33 33
69 69
END_IMAGE:
e-puck-2 is alive !
NEW_IMAGE:
17 17
3 3
17 17
3 3
25 25
3 3
25 25
3 3
25 25
4 4
25 25
36 36
25 25
36 36
25 25
36 36
33 33
36 36
33 33
36 36
33 33
35 35
33 33
68 68
33 33
68 68
33 33
68 68
33 33
100 100
33 33
100 100
33 33
100 100
25 25
100 100
33 33
132 132
33 33
100 100
41 41
100 100
41 41
101 101
41 41
133 133
41 41
133 133
41 41
133 133
41 41
133 133
41 41
165 165
41 41
165 165
41 41
165 165
41 41
198 198
41 41
198 198
41 41
134 134
49 49
166 166
49 49
198 198
49 49
198 198
49 49
198 198
49 49
199 199
49 49
198 198
57 57
198 198
49 49
230 230
57 57
231 231
57 57
231 231
50 50
7 7
49 49
231 231
50 50
7 7
58 58
7 7
58 58
7 7
58 58
39 39
66 66
7 7
66 66
8 8
66 66
40 40
66 66
40 40
66 66
40 40
66 66
40 40
66 66
40 40
66 66
40 40
66 66
72 72
66 66
72 72
66 66
104 104
74 74
104 104
82 82
137 137
82 82
170 170
82 82
170 170
82 82
170 170
82 82
170 170
82 82
201 201
90 90
202 202
90 90
235 235
91 91
11 11
91 91
11 11
91 91
11 11
99 99
11 11
99 99
11 11
99 99
44 44
99 99
44 44
107 107
76 76
107 107
77 77
107 107
109 109
107 107
109 109
107 107
109 109
107 107
141 141
107 107
109 109
107 107
141 141
107 107
141 141
115 115
206 206
123 123
239 239
115 115
174 174
115 115
206 206
123 123
206 206
123 123
207 207
123 123
239 239
123 123
239 239
124 124
15 15
124 124
15 15
124 124
15 15
132 132
16 16
132 132
48 48
132 132
80 80
132 132
48 48
140 140
80 80
132 132
80 80
140 140
113 113
140 140
81 81
140 140
113 113
140 140
113 113
140 140
113 113
140 140
113 113
148 148
145 145
148 148
146 146
148 148
146 146
148 148
178 178
148 148
178 178
148 148
178 178
156 156
210 210
148 148
178 178
148 148
210 210
148 148
178 178
148 148
178 178
148 148
178 178
148 148
210 210
148 148
178 178
148 148
178 178
156 156
210 210
156 156
210 210
156 156
210 210
156 156
210 210
156 156
211 211
156 156
211 211
156 156
210 210
156 156
210 210
156 156
211 211
156 156
211 211
156 156
211 211
156 156
211 211
156 156
211 211
156 156
211 211
156 156
211 211
156 156
211 211
156 156
211 211
156 156
211 211
156 156
211 211
156 156
211 211
156 156
243 243
156 156
243 243
156 156
243 243
156 156
243 243
156 156
243 243
156 156
211 211
156 156
243 243
156 156
243 243
156 156
243 243
156 156
243 243
156 156
243 243
156 156
243 243
156 156
243 243
156 156
243 243
156 156
243 243
156 156
243 243
156 156
243 243
156 156
243 243
END_IMAGE:
e-puck-2 is alive !
NEW_IMAGE:
1 1
33 33
1 1
65 65
1 1
32 32
1 1
33 33
1 1
32 32
1 1
65 65
1 1
65 65
1 1
33 33
1 1
33 33
1 1
33 33
1 1
1 1
1 1
33 33
1 1
65 65
1 1
33 33
1 1
64 64
1 1
65 65
1 1
33 33
1 1
65 65
1 1
65 65
1 1
65 65
1 1
97 97
1 1
32 32
1 1
65 65
1 1
65 65
1 1
65 65
1 1
33 33
1 1
65 65
1 1
65 65
1 1
65 65
1 1
97 97
1 1
33 33
1 1
65 65
1 1
65 65
1 1
33 33
1 1
65 65
1 1
65 65
1 1
97 97
1 1
65 65
1 1
64 64
1 1
65 65
1 1
65 65
1 1
33 33
1 1
65 65
1 1
65 65
1 1
32 32
1 1
65 65
1 1
64 64
1 1
65 65
1 1
97 97
1 1
97 97
1 1
64 64
1 1
64 64
1 1
64 64
1 1
33 33
1 1
33 33
1 1
32 32
1 1
32 32
1 1
65 65
1 1
65 65
1 1
33 33
1 1
65 65
1 1
33 33
1 1
65 65
1 1
32 32
1 1
32 32
1 1
33 33
1 1
64 64
1 1
32 32
1 1
96 96
1 1
65 65
1 1
65 65
1 1
64 64
1 1
96 96
1 1
65 65
1 1
65 65
1 1
33 33
1 1
65 65
1 1
32 32
1 1
64 64
1 1
64 64
1 1
96 96
1 1
64 64
1 1
64 64
1 1
34 34
1 1
2 2
1 1
33 33
1 1
33 33
1 1
33 33
1 1
33 33
1 1
66 66
1 1
66 66
1 1
65 65
1 1
33 33
1 1
66 66
1 1
33 33
1 1
34 34
1 1
66 66
1 1
34 34
1 1
34 34
1 1
34 34
1 1
2 2
1 1
2 2
1 1
34 34
1 1
66 66
1 1
65 65
1 1
33 33
1 1
34 34
1 1
34 34
1 1
33 33
1 1
33 33
1 1
34 34
1 1
34 34
1 1
34 34
1 1
34 34
1 1
34 34
1 1
66 66
1 1
34 34
1 1
34 34
1 1
34 34
1 1
34 34
0 0
226 226
8 8
226 226
1 1
2 2
0 0
226 226
0 0
226 226
8 8
194 194
8 8
226 226
8 8
161 161
8 8
194 194
16 16
162 162
8 8
161 161
8 8
161 161
16 16
193 193
16 16
161 161
16 16
161 161
16 16
161 161
16 16
161 161
16 16
130 130
16 16
130 130
16 16
130 130
16 16
162 162
16 16
129 129
16 16
194 194
16 16
161 161
24 24
194 194
24 24
130 130
24 24
130 130
24 24
130 130
24 24
130 130
16 16
162 162
8 8
226 226
8 8
162 162
16 16
194 194
16 16
162 162
24 24
130 130
16 16
162 162
16 16
162 162
16 16
162 162
16 16
162 162
16 16
162 162
END_IMAGE:
e-puck-2 is alive !
NEW_IMAGE:
41 41
69 69
41 41
101 101
41 41
101 101
41 41
134 134
41 41
134 134
41 41
101 101
49 49
101 101
49 49
101 101
49 49
134 134
49 49
133 133
49 49
133 133
57 57
134 134
57 57
101 101
49 49
101 101
49 49
133 133
49 49
166 166
49 49
134 134
49 49
134 134
49 49
166 166
49 49
166 166
49 49
165 165
49 49
165 165
49 49
165 165
49 49
165 165
49 49
197 197
49 49
166 166
57 57
166 166
49 49
166 166
57 57
198 198
57 57
198 198
57 57
198 198
57 57
198 198
57 57
198 198
49 49
198 198
57 57
198 198
57 57
231 231
57 57
198 198
57 57
230 230
57 57
198 198
49 49
165 165
57 57
230 230
57 57
231 231
49 49
231 231
49 49
231 231
49 49
231 231
58 58
8 8
57 57
231 231
57 57
232 232
57 57
199 199
57 57
231 231
57 57
231 231
57 57
231 231
58 58
7 7
57 57
231 231
57 57
231 231
57 57
231 231
57 57
231 231
58 58
7 7
50 50
7 7
50 50
7 7
58 58
7 7
58 58
7 7
66 66
7 7
58 58
6 6
57 57
231 231
58 58
8 8
58 58
7 7
58 58
40 40
50 50
39 39
50 50
39 39
50 50
7 7
50 50
40 40
50 50
7 7
57 57
231 231
57 57
231 231
58 58
40 40
50 50
7 7
42 42
7 7
50 50
7 7
50 50
7 7
49 49
231 231
57 57
231 231
57 57
231 231
49 49
198 198
57 57
230 230
49 49
198 198
57 57
198 198
49 49
198 198
57 57
231 231
49 49
198 198
57 57
231 231
49 49
230 230
50 50
7 7
50 50
39 39
50 50
7 7
50 50
39 39
50 50
7 7
50 50
7 7
50 50
7 7
50 50
7 7
57 57
231 231
57 57
231 231
57 57
231 231
50 50
7 7
58 58
7 7
49 49
231 231
57 57
231 231
58 58
7 7
50 50
8 8
50 50
39 39
50 50
7 7
50 50
7 7
50 50
39 39
50 50
39 39
50 50
39 39
50 50
39 39
42 42
72 72
42 42
39 39
50 50
39 39
42 42
39 39
50 50
39 39
42 42
39 39
42 42
39 39
50 50
39 39
42 42
71 71
42 42
71 71
42 42
72 72
42 42
72 72
42 42
71 71
42 42
71 71
42 42
103 103
42 42
71 71
42 42
39 39
42 42
39 39
58 58
40 40
50 50
7 7
50 50
8 8
50 50
7 7
50 50
39 39
50 50
39 39
42 42
39 39
42 42
71 71
42 42
71 71
42 42
103 103
34 34
103 103
34 34
103 103
42 42
70 70
34 34
71 71
42 42
71 71
42 42
39 39
34 34
71 71
34 34
70 70
42 42
71 71
34 34
39 39
42 42
39 39
34 34
71 71
34 34
71 71
34 34
71 71
34 34
71 71
42 42
39 39
END_IMAGE:
e-puck-2 is alive !
NEW_IMAGE:
96 96
166 166
96 96
198 198
96 96
167 167
96 96
167 167
88 88
200 200
104 104
135 135
120 120
104 104
120 120
104 104
120 120
104 104
128 128
72 72
128 128
71 71
136 136
6 6
160 160
8 8
160 160
169 169
136 136
168 168
128 128
104 104
128 128
104 104
128 128
136 136
128 128
201 201
128 128
169 169
136 136
169 169
136 136
170 170
136 136
201 201
144 144
201 201
145 145
9 9
153 153
10 10
153 153
10 10
153 153
10 10
153 153
10 10
153 153
42 42
153 153
42 42
153 153
43 43
153 153
75 75
161 161
12 12
160 160
235 235
168 168
72 72
184 184
105 105
192 192
170 170
192 192
138 138
192 192
171 171
184 184
170 170
184 184
170 170
168 168
202 202
168 168
203 203
185 185
77 77
193 193
112 112
193 193
111 111
193 193
143 143
193 193
142 142
193 193
175 175
201 201
208 208
201 201
176 176
201 201
176 176
209 209
209 209
209 209
209 209
209 209
209 209
209 209
177 177
217 217
209 209
217 217
241 241
217 217
209 209
217 217
241 241
225 225
242 242
226 226
51 51
218 218
50 50
218 218
81 81
218 218
113 113
218 218
114 114
218 218
115 115
218 218
147 147
218 218
147 147
218 218
147 147
218 218
114 114
226 226
147 147
226 226
148 148
226 226
148 148
226 226
180 180
226 226
180 180
218 218
180 180
218 218
212 212
226 226
212 212
226 226
212 212
226 226
213 213
226 226
213 213
226 226
214 214
210 210
212 212
211 211
19 19
194 194
210 210
186 186
144 144
186 186
112 112
186 186
144 144
178 178
175 175
178 178
144 144
170 170
144 144
178 178
111 111
178 178
79 79
178 178
112 112
170 170
111 111
170 170
79 79
178 178
111 111
170 170
79 79
170 170
111 111
162 162
78 78
162 162
111 111
154 154
78 78
154 154
110 110
154 154
110 110
154 154
77 77
154 154
110 110
154 154
78 78
146 146
13 13
146 146
77 77
138 138
76 76
138 138
76 76
138 138
109 109
138 138
76 76
130 130
76 76
122 122
76 76
130 130
44 44
130 130
44 44
129 129
236 236
129 129
203 203
121 121
235 235
114 114
11 11
114 114
11 11
105 105
234 234
114 114
11 11
106 106
10 10
97 97
234 234
97 97
233 233
98 98
9 9
98 98
9 9
89 89
233 233
89 89
232 232
81 81
200 200
73 73
232 232
73 73
232 232
65 65
231 231
58 58
8 8
50 50
8 8
49 49
231 231
49 49
231 231
49 49
231 231
41 41
230 230
42 42
6 6
33 33
197 197
41 41
230 230
41 41
231 231
42 42
7 7
34 34
7 7
42 42
71 71
34 34
38 38
34 34
39 39
34 34
39 39
34 34
39 39
42 42
39 39
42 42
38 38
42 42
39 39
42 42
39 39
34 34
38 38
34 34
103 103
END_IMAGE:
e-puck-2 is alive !
NEW_IMAGE:
8 8
65 65
8 8
65 65
8 8
65 65
8 8
65 65
8 8
65 65
8 8
65 65
8 8
65 65
8 8
65 65
8 8
65 65
8 8
32 32
8 8
65 65
8 8
32 32
8 8
65 65
8 8
65 65
8 8
65 65
8 8
65 65
8 8
65 65
8 8
65 65
8 8
65 65
8 8
65 65
8 8
64 64
8 8
65 65
8 8
65 65
8 8
65 65
8 8
65 65
8 8
65 65
8 8
65 65
8 8
65 65
8 8
65 65
8 8
65 65
8 8
65 65
8 8
65 65
8 8
65 65
8 8
65 65
8 8
65 65
8 8
65 65
8 8
65 65
8 8
65 65
8 8
65 65
8 8
65 65
8 8
65 65
8 8
64 64
8 8
65 65
8 8
65 65
8 8
65 65
8 8
65 65
8 8
65 65
8 8
65 65
8 8
65 65
8 8
65 65
8 8
65 65
16 16
98 98
16 16
98 98
16 16
98 98
16 16
98 98
8 8
98 98
16 16
98 98
8 8
98 98
16 16
98 98
16 16
97 97
24 24
66 66
16 16
131 131
24 24
195 195
24 24
195 195
33 33
4 4
41 41
138 138
49 49
202 202
49 49
202 202
49 49
235 235
49 49
236 236
49 49
236 236
49 49
236 236
57 57
234 234
58 58
15 15
41 41
171 171
33 33
6 6
32 32
230 230
32 32
164 164
32 32
164 164
32 32
196 196
24 24
164 164
24 24
164 164
24 24
163 163
16 16
131 131
16 16
163 163
16 16
163 163
24 24
163 163
24 24
131 131
16 16
131 131
16 16
130 130
16 16
130 130
16 16
130 130
16 16
98 98
16 16
130 130
8 8
98 98
8 8
97 97
8 8
97 97
16 16
130 130
16 16
97 97
16 16
97 97
16 16
129 129
16 16
129 129
16 16
130 130
24 24
64 64
24 24
130 130
24 24
227 227
41 41
102 102
57 57
203 203
57 57
203 203
49 49
170 170
57 57
202 202
65 65
236 236
73 73
236 236
65 65
236 236
66 66
12 12
66 66
13 13
74 74
45 45
66 66
14 14
74 74
46 46
74 74
14 14
74 74
14 14
74 74
47 47
74 74
47 47
74 74
47 47
74 74
79 79
74 74
79 79
74 74
79 79
82 82
79 79
82 82
79 79
90 90
79 79
90 90
79 79
90 90
79 79
90 90
79 79
82 82
79 79
90 90
111 111
82 82
143 143
82 82
111 111
82 82
111 111
90 90
143 143
82 82
111 111
82 82
175 175
82 82
144 144
90 90
144 144
82 82
144 144
90 90
145 145
90 90
176 176
90 90
176 176
90 90
177 177
90 90
176 176
90 90
176 176
90 90
208 208
98 98
177 177
98 98
177 177
98 98
209 209
98 98
177 177
98 98
207 207
98 98
209 209
98 98
241 241
107 107
17 17
99 99
17 17
END_IMAGE:
e-puck-2 is alive !
NEW_IMAGE:
16 16
163 163
16 16
163 163
16 16
130 130
16 16
162 162
16 16
130 130
16 16
130 130
16 16
130 130
16 16
130 130
16 16
129 129
16 16
129 129
16 16
129 129
16 16
129 129
16 16
129 129
16 16
129 129
16 16
97 97
16 16
97 97
16 16
97 97
16 16
97 97
16 16
130 130
16 16
97 97
16 16
97 97
16 16
97 97
16 16
130 130
16 16
98 98
16 16
130 130
16 16
130 130
16 16
129 129
16 16
129 129
8 8
129 129
16 16
129 129
16 16
129 129
16 16
129 129
16 16
129 129
16 16
97 97
24 24
129 129
16 16
130 130
16 16
129 129
16 16
162 162
24 24
162 162
24 24
162 162
24 24
130 130
24 24
163 163
24 24
228 228
24 24
196 196
32 32
196 196
32 32
229 229
33 33
5 5
25 25
5 5
25 25
37 37
33 33
37 37
33 33
37 37
33 33
70 70
33 33
37 37
33 33
69 69
41 41
70 70
33 33
38 38
41 41
70 70
33 33
70 70
33 33
70 70
33 33
70 70
41 41
70 70
41 41
103 103
41 41
103 103
33 33
103 103
33 33
102 102
33 33
166 166
33 33
167 167
41 41
135 135
41 41
102 102
41 41
103 103
41 41
102 102
41 41
134 134
41 41
199 199
41 41
167 167
41 41
135 135
41 41
136 136
49 49
136 136
49 49
136 136
49 49
136 136
41 41
137 137
49 49
168 168
41 41
168 168
41 41
169 169
41 41
169 169
49 49
201 201
49 49
200 200
49 49
200 200
49 49
201 201
57 57
233 233
57 57
232 232
49 49
233 233
49 49
233 233
50 50
10 10
50 50
9 9
58 58
10 10
49 49
233 233
50 50
9 9
50 50
10 10
58 58
10 10
57 57
234 234
65 65
234 234
57 57
234 234
58 58
10 10
58 58
42 42
50 50
42 42
58 58
42 42
58 58
42 42
50 50
41 41
58 58
42 42
50 50
9 9
58 58
10 10
66 66
42 42
65 65
233 233
65 65
233 233
66 66
9 9
58 58
9 9
50 50
9 9
49 49
232 232
58 58
10 10
49 49
233 233
49 49
233 233
49 49
233 233
50 50
9 9
41 41
232 232
41 41
232 232
49 49
201 201
49 49
200 200
49 49
200 200
49 49
232 232
41 41
168 168
49 49
200 200
49 49
167 167
49 49
167 167
49 49
166 166
49 49
166 166
49 49
167 167
49 49
135 135
49 49
167 167
49 49
166 166
41 41
167 167
41 41
167 167
41 41
167 167
41 41
167 167
41 41
167 167
41 41
167 167
41 41
134 134
41 41
134 134
49 49
167 167
49 49
135 135
49 49
135 135
41 41
166 166
41 41
166 166
41 41
166 166
41 41
166 166
41 41
134 134
49 49
135 135
49 49
135 135
49 49
135 135
49 49
135 135
49 49
134 134
END_IMAGE:
e-puck-2 is alive !
NEW_IMAGE:
16 16
130 130
24 24
162 162
24 24
130 130
24 24
163 163
24 24
162 162
24 24
195 195
24 24
195 195
24 24
195 195
24 24
195 195
24 24
195 195
24 24
195 195
24 24
227 227
24 24
195 195
24 24
195 195
24 24
227 227
24 24
195 195
32 32
195 195
24 24
195 195
24 24
195 195
24 24
195 195
24 24
195 195
24 24
227 227
32 32
195 195
32 32
195 195
32 32
195 195
32 32
195 195
40 40
196 196
32 32
163 163
32 32
196 196
32 32
196 196
32 32
227 227
32 32
227 227
32 32
228 228
32 32
228 228
32 32
228 228
32 32
228 228
32 32
228 228
32 32
196 196
32 32
228 228
32 32
228 228
33 33
4 4
33 33
4 4
33 33
4 4
32 32
228 228
33 33
4 4
33 33
4 4
33 33
4 4
33 33
4 4
33 33
4 4
32 32
228 228
41 41
4 4
33 33
4 4
33 33
4 4
33 33
4 4
33 33
4 4
33 33
4 4
33 33
4 4
33 33
4 4
33 33
4 4
33 33
4 4
41 41
5 5
41 41
4 4
40 40
228 228
41 41
5 5
33 33
4 4
41 41
4 4
33 33
4 4
41 41
4 4
41 41
4 4
41 41
4 4
41 41
5 5
41 41
4 4
41 41
5 5
33 33
37 37
33 33
36 36
41 41
69 69
33 33
69 69
33 33
36 36
33 33
37 37
33 33
69 69
41 41
37 37
49 49
38 38
41 41
37 37
49 49
38 38
41 41
37 37
41 41
37 37
33 33
36 36
41 41
37 37
41 41
4 4
40 40
228 228
33 33
4 4
33 33
4 4
33 33
4 4
33 33
4 4
33 33
4 4
32 32
228 228
32 32
228 228
40 40
228 228
40 40
228 228
41 41
36 36
33 33
3 3
33 33
3 3
33 33
35 35
33 33
3 3
33 33
3 3
33 33
3 3
41 41
4 4
40 40
228 228
40 40
228 228
40 40
228 228
33 33
4 4
41 41
4 4
40 40
228 228
40 40
228 228
41 41
4 4
33 33
4 4
33 33
4 4
40 40
228 228
40 40
228 228
40 40
228 228
40 40
228 228
40 40
228 228
40 40
228 228
33 33
4 4
40 40
228 228
41 41
4 4
41 41
3 3
33 33
4 4
33 33
3 3
33 33
3 3
41 41
3 3
41 41
4 4
40 40
228 228
40 40
228 228
40 40
228 228
40 40
228 228
33 33
4 4
33 33
4 4
33 33
4 4
33 33
4 4
33 33
4 4
33 33
4 4
33 33
4 4
32 32
228 228
32 32
228 228
33 33
4 4
33 33
4 4
33 33
4 4
33 33
4 4
33 33
36 36
33 33
36 36
33 33
4 4
33 33
4 4
33 33
4 4
33 33
4 4
33 33
4 4
33 33
4 4
33 33
4 4
33 33
4 4
32 32
227 227
END_IMAGE:
e-puck-2 is alive !
NEW_IMAGE:
57 57
101 101
57 57
134 134
57 57
134 134
49 49
102 102
57 57
166 166
49 49
166 166
57 57
166 166
57 57
134 134
57 57
134 134
65 65
166 166
65 65
134 134
65 65
134 134
57 57
166 166
57 57
166 166
57 57
134 134
65 65
167 167
57 57
166 166
57 57
166 166
65 65
167 167
65 65
166 166
65 65
134 134
65 65
167 167
73 73
167 167
65 65
167 167
73 73
167 167
65 65
167 167
65 65
167 167
65 65
199 199
65 65
167 167
65 65
199 199
65 65
199 199
65 65
199 199
73 73
199 199
73 73
167 167
73 73
167 167
73 73
199 199
73 73
198 198
65 65
198 198
65 65
231 231
65 65
231 231
73 73
231 231
73 73
199 199
73 73
199 199
65 65
231 231
73 73
232 232
73 73
232 232
73 73
232 232
73 73
232 232
73 73
232 232
73 73
232 232
74 74
8 8
74 74
7 7
74 74
7 7
74 74
7 7
74 74
8 8
74 74
8 8
74 74
8 8
73 73
232 232
74 74
8 8
74 74
8 8
74 74
8 8
74 74
8 8
74 74
8 8
74 74
40 40
82 82
9 9
81 81
233 233
90 90
41 41
90 90
9 9
90 90
9 9
82 82
9 9
82 82
9 9
82 82
8 8
82 82
73 73
82 82
8 8
89 89
232 232
89 89
233 233
90 90
41 41
82 82
41 41
90 90
41 41
90 90
41 41
82 82
73 73
90 90
73 73
90 90
41 41
90 90
73 73
90 90
73 73
90 90
73 73
90 90
74 74
98 98
74 74
90 90
41 41
90 90
74 74
90 90
73 73
90 90
106 106
82 82
106 106
82 82
106 106
82 82
106 106
82 82
137 137
90 90
106 106
90 90
105 105
90 90
74 74
90 90
74 74
90 90
74 74
90 90
106 106
82 82
106 106
82 82
106 106
82 82
106 106
90 90
73 73
90 90
73 73
90 90
105 105
90 90
105 105
90 90
106 106
82 82
106 106
90 90
106 106
82 82
106 106
82 82
106 106
82 82
138 138
82 82
106 106
82 82
106 106
90 90
106 106
90 90
106 106
82 82
106 106
82 82
105 105
82 82
105 105
82 82
138 138
82 82
105 105
90 90
105 105
90 90
73 73
82 82
105 105
90 90
105 105
82 82
105 105
90 90
106 106
82 82
106 106
82 82
73 73
90 90
74 74
82 82
73 73
90 90
105 105
82 82
73 73
82 82
105 105
82 82
105 105
82 82
105 105
82 82
105 105
82 82
105 105
82 82
105 105
82 82
73 73
82 82
106 106
82 82
105 105
74 74
73 73
82 82
73 73
82 82
73 73
82 82
73 73
82 82
73 73
74 74
73 73
74 74
73 73
74 74
73 73
82 82
73 73
74 74
73 73
74 74
73 73
74 74
73 73
74 74
73 73
82 82
73 73
82 82
73 73
END_IMAGE:
e-puck-2 is alive !
NEW_IMAGE:
255 255
255 255
255 255
255 255
255 255
255 255
255 255
255 255
255 255
223 223
247 247
158 158
247 247
190 190
247 247
158 158
239 239
60 60
231 231
27 27
214 214
218 218
206 206
121 121
206 206
121 121
198 198
121 121
182 182
24 24
173 173
214 214
173 173
215 215
181 181
215 215
165 165
182 182
157 157
150 150
165 165
150 150
165 165
150 150
149 149
21 21
140 140
244 244
140 140
245 245
140 140
245 245
132 132
213 213
124 124
115 115
132 132
114 114
140 140
115 115
132 132
82 82
132 132
146 146
116 116
49 49
107 107
175 175
107 107
175 175
123 123
241 241
115 115
144 144
99 99
144 144
99 99
176 176
91 91
77 77
83 83
77 77
75 75
13 13
83 83
45 45
83 83
12 12
75 75
12 12
75 75
13 13
82 82
236 236
82 82
203 203
82 82
204 204
90 90
204 204
82 82
203 203
66 66
105 105
74 74
106 106
82 82
106 106
82 82
138 138
82 82
106 106
90 90
139 139
90 90
139 139
82 82
171 171
82 82
138 138
98 98
138 138
98 98
138 138
98 98
106 106
90 90
170 170
90 90
170 170
90 90
170 170
98 98
203 203
90 90
170 170
90 90
203 203
90 90
170 170
90 90
202 202
90 90
170 170
98 98
170 170
98 98
170 170
98 98
170 170
98 98
202 202
98 98
202 202
98 98
202 202
98 98
170 170
98 98
202 202
98 98
202 202
106 106
235 235
106 106
203 203
106 106
203 203
106 106
203 203
98 98
203 203
106 106
235 235
106 106
235 235
98 98
235 235
98 98
235 235
98 98
235 235
98 98
235 235
106 106
236 236
106 106
203 203
106 106
203 203
114 114
236 236
106 106
235 235
107 107
11 11
107 107
43 43
107 107
43 43
107 107
11 11
107 107
11 11
106 106
235 235
107 107
11 11
107 107
11 11
107 107
11 11
114 114
235 235
107 107
12 12
107 107
44 44
99 99
12 12
99 99
44 44
99 99
43 43
99 99
43 43
107 107
43 43
107 107
11 11
107 107
43 43
107 107
11 11
107 107
11 11
107 107
44 44
98 98
235 235
107 107
12 12
107 107
12 12
99 99
12 12
107 107
11 11
115 115
11 11
115 115
11 11
114 114
234 234
115 115
11 11
115 115
11 11
115 115
11 11
114 114
235 235
106 106
235 235
107 107
12 12
106 106
235 235
106 106
235 235
106 106
203 203
106 106
235 235
107 107
12 12
99 99
12 12
99 99
12 12
99 99
11 11
98 98
235 235
107 107
11 11
99 99
11 11
107 107
11 11
99 99
11 11
98 98
235 235
98 98
235 235
106 106
235 235
98 98
235 235
107 107
11 11
107 107
11 11
99 99
11 11
107 107
11 11
99 99
11 11
99 99
11 11
99 99
11 11
107 107
11 11
107 107
11 11
107 107
43 43
END_IMAGE:
e-puck-2 is alive !
NEW_IMAGE:
0 0
64 64
0 0
97 97
0 0
64 64
0 0
64 64
0 0
129 129
0 0
96 96
0 0
160 160
0 0
128 128
0 0
160 160
0 0
128 128
0 0
160 160
0 0
160 160
0 0
192 192
0 0
160 160
0 0
161 161
0 0
161 161
0 0
161 161
0 0
129 129
0 0
193 193
0 0
161 161
0 0
225 225
0 0
193 193
0 0
193 193
0 0
225 225
0 0
225 225
0 0
225 225
0 0
226 226
0 0
194 194
0 0
226 226
0 0
225 225
1 1
2 2
1 1
34 34
1 1
2 2
1 1
34 34
1 1
35 35
0 0
226 226
1 1
2 2
1 1
99 99
1 1
132 132
1 1
67 67
1 1
132 132
1 1
165 165
1 1
133 133
1 1
133 133
9 9
165 165
1 1
165 165
9 9
166 166
17 17
231 231
17 17
198 198
9 9
231 231
9 9
198 198
1 1
198 198
1 1
198 198
1 1
230 230
1 1
165 165
1 1
231 231
1 1
133 133
1 1
101 101
1 1
68 68
1 1
100 100
1 1
132 132
1 1
100 100
1 1
100 100
9 9
101 101
1 1
132 132
1 1
164 164
1 1
164 164
1 1
132 132
1 1
165 165
1 1
165 165
1 1
164 164
9 9
132 132
9 9
132 132
9 9
133 133
1 1
132 132
9 9
100 100
17 17
100 100
9 9
132 132
9 9
164 164
9 9
132 132
17 17
133 133
17 17
133 133
17 17
133 133
17 17
165 165
17 17
165 165
17 17
165 165
17 17
197 197
1 1
229 229
10 10
5 5
9 9
229 229
10 10
6 6
2 2
5 5
10 10
38 38
2 2
6 6
10 10
38 38
10 10
70 70
2 2
102 102
10 10
71 71
10 10
70 70
2 2
70 70
18 18
103 103
18 18
103 103
18 18
104 104
18 18
137 137
18 18
136 136
18 18
136 136
18 18
136 136
10 10
135 135
10 10
135 135
10 10
103 103
10 10
102 102
10 10
102 102
10 10
103 103
10 10
103 103
18 18
71 71
18 18
71 71
10 10
71 71
10 10
103 103
10 10
70 70
10 10
103 103
10 10
135 135
10 10
135 135
18 18
103 103
26 26
103 103
18 18
134 134
2 2
134 134
2 2
200 200
18 18
168 168
26 26
104 104
26 26
136 136
34 34
169 169
34 34
105 105
34 34
169 169
34 34
170 170
34 34
202 202
34 34
169 169
42 42
138 138
42 42
138 138
42 42
171 171
42 42
203 203
26 26
234 234
19 19
10 10
27 27
42 42
19 19
42 42
27 27
10 10
27 27
43 43
27 27
11 11
27 27
76 76
35 35
140 140
27 27
75 75
27 27
75 75
27 27
75 75
27 27
107 107
19 19
75 75
27 27
107 107
27 27
75 75
27 27
44 44
35 35
77 77
43 43
77 77
43 43
77 77
END_IMAGE:
e-puck-2 is alive !
NEW_IMAGE:
0 0
96 96
0 0
97 97
0 0
97 97
0 0
129 129
0 0
129 129
0 0
161 161
0 0
161 161
0 0
161 161
0 0
161 161
0 0
161 161
0 0
161 161
0 0
161 161
0 0
193 193
0 0
193 193
0 0
225 225
0 0
194 194
0 0
162 162
0 0
130 130
0 0
129 129
0 0
97 97
0 0
193 193
0 0
193 193
0 0
193 193
0 0
193 193
0 0
161 161
0 0
193 193
0 0
193 193
0 0
161 161
0 0
194 194
0 0
162 162
0 0
162 162
0 0
193 193
0 0
225 225
0 0
225 225
0 0
224 224
1 1
0 0
0 0
224 224
1 1
1 1
0 0
193 193
0 0
226 226
0 0
193 193
0 0
193 193
0 0
194 194
0 0
194 194
0 0
226 226
0 0
193 193
0 0
194 194
0 0
194 194
0 0
193 193
0 0
226 226
0 0
226 226
0 0
194 194
0 0
194 194
0 0
194 194
0 0
194 194
0 0
194 194
0 0
194 194
0 0
194 194
0 0
194 194
0 0
226 226
0 0
226 226
0 0
194 194
0 0
226 226
0 0
226 226
0 0
226 226
1 1
2 2
1 1
2 2
1 1
2 2
1 1
2 2
1 1
3 3
1 1
2 2
1 1
3 3
1 1
35 35
1 1
34 34
1 1
35 35
1 1
66 66
1 1
67 67
1 1
66 66
1 1
67 67
1 1
35 35
1 1
35 35
1 1
35 35
1 1
36 36
1 1
35 35
9 9
68 68
9 9
68 68
1 1
67 67
1 1
100 100
1 1
100 100
9 9
100 100
1 1
100 100
1 1
101 101
1 1
101 101
1 1
132 132
1 1
132 132
1 1
132 132
1 1
100 100
1 1
100 100
1 1
100 100
1 1
100 100
1 1
68 68
1 1
67 67
1 1
67 67
1 1
100 100
1 1
99 99
1 1
132 132
9 9
132 132
1 1
68 68
1 1
68 68
1 1
67 67
9 9
100 100
9 9
100 100
17 17
69 69
17 17
134 134
9 9
166 166
9 9
134 134
1 1
132 132
1 1
132 132
9 9
164 164
17 17
100 100
1 1
100 100
9 9
102 102
9 9
68 68
9 9
100 100
9 9
100 100
9 9
100 100
9 9
100 100
9 9
99 99
25 25
68 68
33 33
67 67
25 25
4 4
25 25
39 39
8 8
229 229
8 8
197 197
17 17
5 5
16 16
228 228
16 16
228 228
17 17
69 69
9 9
102 102
9 9
4 4
9 9
69 69
9 9
69 69
9 9
69 69
1 1
101 101
1 1
132 132
9 9
99 99
17 17
100 100
32 32
225 225
33 33
4 4
25 25
134 134
33 33
133 133
25 25
199 199
9 9
70 70
0 0
197 197
0 0
197 197
0 0
229 229
1 1
38 38
17 17
38 38
9 9
5 5
1 1
136 136
END_IMAGE:
