NEW_IMAGE:
41 69
69 41
41 36
36 41
41 69
69 41
41 36
36 41
41 36
36 33
33 3
3 41
41 36
36 33
33 4
4 33
33 3
3 33
33 3
3 33
33 3
3 33
33 4
4 32
32 227
227 24
24 227
227 25
25 3
3 25
25 3
3 24
24 194
194 24
24 195
195 24
24 194
194 24
24 195
195 24
24 227
227 24
24 227
227 24
24 194
194 24
24 162
162 32
32 227
227 24
24 195
195 32
32 227
227 24
24 194
194 33
33 3
3 24
24 227
227 32
32 227
227 33
33 3
3 33
33 3
3 33
33 36
36 33
33 36
36 33
33 4
4 24
24 195
195 32
32 195
195 32
32 195
195 32
32 195
195 32
32 227
227 32
32 195
195 32
32 194
194 32
32 194
194 32
32 195
195 32
32 163
163 32
32 162
162 32
32 163
163 32
32 194
194 32
32 194
194 24
24 227
227 24
24 195
195 32
32 163
163 32
32 162
162 32
32 163
163 32
32 163
163 24
24 227
227 32
32 227
227 24
24 227
227 32
32 227
227 32
32 227
227 32
32 227
227 24
24 227
227 32
32 163
163 40
40 227
227 49
49 4
4 41
41 36
36 56
56 194
194 65
65 68
68 90
90 39
39 123
123 108
108 156
156 144
144 181
181 117
117 206
206 89
89 214
214 89
89 214
214 121
121 214
214 89
89 214
214 89
89 206
206 121
121 206
206 121
121 214
214 153
153 214
214 153
153 214
214 121
121 206
206 122
122 206
206 89
89 214
214 94
94 189
189 217
217 115
115 44
44 57
57 134
134 24
24 130
130 41
41 37
37 49
49 101
101 49
49 69
69 49
49 101
101 49
49 102
102 49
49 102
102 49
49 134
134 57
57 199
199 57
57 135
135 65
65 167
167 65
65 200
200 65
65 167
167 65
65 232
232 65
65 232
232 74
74 41
41 74
74 41
41 82
82 106
106 90
90 203
203 98
98 171
171 90
90 139
139 90
90 107
107 98
98 171
171 98
98 203
203 106
106 236
236 106
106 235
235 99
99 11
11 107
107 12
12 107
107 12
12 115
115 12
12 106
106 235
235 114
114 236
236 107
107 12
12 106
106 203
203 99
99 11
11 106
106 235
235 106
106 235
235 106
106 235
235 106
106 236
236 106
106 236
236 114
114 236
236 114
114 203
203 114
114 203
203 106
106 171
171 106
106 203
203 98
98 203
203 98
98 138
138 90
90 138
138 98
98 170
170 90
90 105
105 90
90 138
138 90
90 105
105 90
90 138
138 98
98 202
202 98
98 235
235 99
99 11
11 98
98 235
235 98
98 235
235 90
90 170
170 98
98 203
203 98
98 236
236 106
106 235
235 106
106 236
236 115
115 12
12 115
115 12
12 106
106 204
204 115
115 13
13 106
106 204
204 90
90 170
170 90
90 105
105 82
82 39
39 73
END_IMAGE:
NEW_IMAGE:
82 6
6 73
73 230
230 73
73 230
230 73
73 230
230 73
73 229
229 74
74 5
5 73
73 197
197 73
73 230
230 73
73 230
230 73
73 198
198 73
73 230
230 65
65 230
230 65
65 230
230 65
65 230
230 65
65 231
231 65
65 231
231 65
65 231
231 73
73 231
231 65
65 199
199 65
65 167
167 73
73 199
199 73
73 199
199 73
73 199
199 73
73 231
231 74
74 8
8 73
73 199
199 73
73 199
199 73
73 231
231 74
74 8
8 73
73 232
232 73
73 231
231 74
74 8
8 74
74 7
7 74
74 7
7 73
73 231
231 74
74 40
40 65
65 231
231 65
65 231
231 73
73 232
232 74
74 8
8 74
74 40
40 74
74 8
8 73
73 232
232 74
74 8
8 82
82 8
8 74
74 8
8 74
74 8
8 73
73 232
232 82
82 8
8 74
74 40
40 74
74 40
40 74
74 40
40 82
82 72
72 74
74 40
40 74
74 40
40 74
74 40
40 74
74 72
72 74
74 72
72 74
74 40
40 74
74 40
40 74
74 73
73 74
74 41
41 74
74 73
73 74
74 73
73 82
82 73
73 82
82 40
40 82
82 73
73 82
82 73
73 82
82 72
72 82
82 72
72 82
82 72
72 82
82 105
105 90
90 72
72 90
90 105
105 90
90 73
73 90
90 73
73 90
90 73
73 90
90 105
105 90
90 105
105 82
82 105
105 82
82 105
105 82
82 105
105 82
82 105
105 82
82 137
137 82
82 137
137 82
82 137
137 90
90 137
137 90
90 169
169 90
90 137
137 90
90 137
137 90
90 138
138 90
90 170
170 90
90 170
170 98
98 170
170 98
98 138
138 90
90 138
138 90
90 170
170 90
90 170
170 90
90 203
203 98
98 202
202 98
98 203
203 98
98 203
203 90
90 203
203 90
90 204
204 90
90 203
203 90
90 204
204 98
98 236
236 98
98 236
236 98
98 236
236 98
98 236
236 98
98 236
236 98
98 236
236 98
98 204
204 98
98 237
237 98
98 236
236 98
98 236
236 98
98 236
236 98
98 236
236 98
98 236
236 99
99 12
12 99
99 12
12 107
107 12
12 98
98 236
236 99
99 12
12 99
99 44
44 99
99 44
44 99
99 44
44 99
99 44
44 99
99 44
44 99
99 12
12 99
99 12
12 99
99 12
12 99
99 12
12 99
99 13
13 107
107 44
44 99
99 12
12 99
99 12
12 99
99 12
12 99
99 12
12 99
99 12
12 99
99 12
12 99
99 12
12 99
99 12
12 99
99 44
44 99
99 12
12 99
99 12
12 99
99 12
12 99
99 13
13 107
107 12
12 98
98 235
235 90
90 203
203 98
98 235
235 98
98 235
235 90
90 203
203 90
90 203
203 90
90 203
203 90
90 203
203 90
90 170
170 90
90 203
203 90
90 203
203 90
END_IMAGE:
NEW_IMAGE:
3 103
103 3
3 136
136 3
3 103
103 3
3 71
71 3
3 103
103 3
3 136
136 3
3 135
135 3
3 103
103 3
3 104
104 3
3 104
104 3
3 104
104 3
3 136
136 3
3 104
104 3
3 104
104 3
3 136
136 3
3 135
135 3
3 135
135 3
3 104
104 3
3 135
135 3
3 135
135 3
3 135
135 3
3 136
136 3
3 104
104 3
3 104
104 3
3 104
104 3
3 105
105 3
3 136
136 3
3 168
168 3
3 169
169 3
3 169
169 3
3 169
169 3
3 169
169 3
3 169
169 3
3 136
136 3
3 136
136 3
3 104
104 3
3 135
135 3
3 103
103 11
11 103
103 3
3 104
104 3
3 168
168 3
3 136
136 3
3 137
137 3
3 168
168 3
3 136
136 3
3 136
136 3
3 136
136 3
3 168
168 3
3 136
136 3
3 137
137 3
3 137
137 3
3 168
168 3
3 168
168 3
3 168
168 3
3 168
168 3
3 168
168 3
3 168
168 3
3 169
169 3
3 169
169 3
3 138
138 3
3 137
137 3
3 137
137 3
3 169
169 3
3 137
137 3
3 137
137 3
3 137
137 3
3 104
104 3
3 169
169 3
3 169
169 3
3 137
137 3
3 168
168 3
3 168
168 3
3 169
169 3
3 201
201 3
3 202
202 3
3 202
202 3
3 170
170 3
3 170
170 3
3 169
169 3
3 169
169 3
3 137
137 3
3 136
136 3
3 168
168 3
3 168
168 3
3 168
168 3
3 168
168 3
3 168
168 3
3 136
136 3
3 168
168 3
3 168
168 3
3 200
200 3
3 136
136 3
3 168
168 3
3 168
168 3
3 168
168 3
3 168
168 3
3 168
168 3
3 136
136 3
3 169
169 3
3 136
136 3
3 169
169 3
3 169
169 3
3 201
201 3
3 201
201 3
3 168
168 3
3 201
201 3
3 201
201 3
3 201
201 3
3 169
169 3
3 169
169 3
3 136
136 3
3 201
201 3
3 201
201 3
3 201
201 3
3 201
201 3
3 201
201 3
3 201
201 3
3 202
202 3
3 202
202 3
3 202
202 3
3 169
169 3
3 202
202 3
3 170
170 3
3 201
201 3
3 138
138 3
3 171
171 11
11 171
171 11
11 171
171 3
3 139
139 11
11 139
139 11
11 106
106 11
11 138
138 19
19 139
139 27
27 236
236 27
27 237
237 27
27 172
172 28
28 79
79 60
60 145
145 92
92 113
113 100
100 113
113 116
116 79
79 107
107 139
139 74
74 73
73 74
74 8
8 90
90 105
105 90
90 73
73 82
82 73
73 90
90 9
9 98
98 9
9 98
98 9
9 98
98 9
9 106
106 41
41 106
106 10
10 106
106 74
74 90
90 73
73 98
98 41
41 98
98 41
41 98
98 41
41 98
98 41
41 98
98 41
41 98
END_IMAGE:
NEW_IMAGE:
2 102
102 2
2 134
134 2
2 134
134 2
2 134
134 2
2 134
134 2
2 134
134 2
2 134
134 2
2 102
102 2
2 134
134 2
2 134
134 2
2 134
134 2
2 134
134 2
2 134
134 2
2 134
134 2
2 134
134 2
2 134
134 2
2 134
134 2
2 166
166 2
2 134
134 2
2 134
134 2
2 133
133 2
2 133
133 2
2 101
101 2
2 134
134 2
2 134
134 2
2 165
165 2
2 166
166 2
2 134
134 2
2 166
166 2
2 167
167 2
2 134
134 2
2 134
134 2
2 134
134 2
2 134
134 2
2 166
166 2
2 166
166 2
2 166
166 2
2 134
134 2
2 135
135 2
2 134
134 2
2 167
167 2
2 168
168 2
2 200
200 2
2 136
136 1
1 198
198 1
1 196
196 1
1 163
163 2
2 5
5 2
2 102
102 2
2 102
102 2
2 134
134 2
2 166
166 2
2 166
166 2
2 134
134 2
2 166
166 2
2 167
167 2
2 167
167 2
2 198
198 2
2 198
198 2
2 198
198 2
2 198
198 2
2 199
199 2
2 199
199 2
2 134
134 34
34 6
6 49
49 166
166 73
73 102
102 81
81 38
38 97
97 38
38 97
97 5
5 97
97 5
5 97
97 5
5 97
97 5
5 97
97 6
6 105
105 38
38 97
97 6
6 97
97 37
37 97
97 37
37 97
97 5
5 97
97 38
38 97
97 6
6 97
97 6
6 104
104 230
230 104
104 229
229 104
104 230
230 104
104 229
229 104
104 229
229 104
104 229
229 104
104 229
229 104
104 229
229 96
96 229
229 104
104 197
197 112
112 165
165 104
104 165
165 104
104 197
197 96
96 132
132 104
104 165
165 104
104 164
164 104
104 165
165 112
112 133
133 112
112 165
165 112
112 165
165 112
112 165
165 112
112 165
165 104
104 197
197 96
96 164
164 104
104 196
196 104
104 229
229 104
104 228
228 104
104 196
196 104
104 228
228 112
112 228
228 112
112 229
229 120
120 229
229 112
112 230
230 120
120 230
230 120
120 198
198 112
112 230
230 112
112 229
229 112
112 197
197 120
120 197
197 120
120 197
197 120
120 197
197 120
120 165
165 120
120 197
197 120
120 197
197 120
120 166
166 120
120 198
198 120
120 165
165 128
128 197
197 128
128 198
198 128
128 198
198 128
128 198
198 128
128 230
230 120
120 198
198 128
128 230
230 128
128 230
230 128
128 230
230 128
128 230
230 129
129 6
6 121
121 6
6 129
129 38
38 129
129 6
6 121
121 5
5 121
121 6
6 129
129 6
6 128
128 230
230 128
128 230
230 128
128 230
230 128
128 230
230 129
129 6
6 129
129 6
6 129
129 38
38 129
129 6
6 129
129 39
39 137
137 71
71 129
129 7
7 137
137 39
39 137
137 7
7 137
137 7
7 137
END_IMAGE:
NEW_IMAGE:
246 221
221 238
238 220
220 238
238 220
220 238
238 220
220 238
238 220
220 238
238 220
220 238
238 220
220 238
238 252
252 238
238 252
252 238
238 252
252 238
238 252
252 238
238 252
252 238
238 252
252 238
238 252
252 238
238 220
220 238
238 220
220 238
238 220
220 238
238 188
188 238
238 188
188 230
230 187
187 230
230 187
187 230
230 187
187 230
230 187
187 230
230 187
187 230
230 155
155 230
230 156
156 230
230 155
155 230
230 123
123 222
222 91
91 214
214 26
26 222
222 26
26 222
222 26
26 213
213 250
250 213
213 186
186 213
213 218
218 213
213 217
217 213
213 217
217 213
213 185
185 213
213 152
152 197
197 120
120 189
189 120
120 189
189 56
56 189
189 23
23 181
181 23
23 173
173 22
22 181
181 23
23 164
164 214
214 156
156 117
117 156
156 116
116 148
148 116
116 148
148 84
84 140
140 51
51 139
139 243
243 139
139 212
212 131
131 180
180 123
123 82
82 123
123 145
145 123
123 209
209 107
107 80
80 115
115 81
81 115
115 49
49 107
107 16
16 107
107 47
47 107
107 14
14 106
106 239
239 106
106 239
239 98
98 207
207 98
98 238
238 98
98 205
205 98
98 206
206 98
98 142
142 98
98 174
174 98
98 141
141 90
90 141
141 90
90 172
172 90
90 140
140 90
90 108
108 90
90 107
107 90
90 75
75 90
90 107
107 82
82 107
107 82
82 74
74 82
82 42
42 82
82 42
42 74
74 10
10 82
82 11
11 82
82 10
10 73
73 234
234 73
73 233
233 73
73 233
233 73
73 232
232 73
73 232
232 65
65 232
232 73
73 200
200 73
73 200
200 65
65 167
167 65
65 167
167 73
73 168
168 73
73 167
167 73
73 167
167 65
65 167
167 65
65 167
167 65
65 167
167 65
65 167
167 57
57 166
166 65
65 199
199 57
57 134
134 57
57 134
134 57
57 166
166 57
57 134
134 57
57 166
166 57
57 134
134 57
57 134
134 57
57 102
102 49
49 101
101 49
49 68
68 41
41 68
68 41
41 4
4 40
40 228
228 40
40 228
228 40
40 227
227 32
32 195
195 40
40 195
195 40
40 228
228 40
40 227
227 40
40 195
195 40
40 195
195 40
40 195
195 40
40 195
195 32
32 227
227 32
32 228
228 40
40 196
196 40
40 196
196 40
40 196
196 40
40 196
196 40
40 196
196 32
32 195
195 40
40 195
195 40
40 195
195 40
40 195
195 40
40 195
195 40
40 227
227 32
32 227
227 40
40 227
227 41
41 3
3 33
33 3
3 32
32 227
227 32
32 227
227 32
32 227
227 32
32 195
195 32
32 163
163 32
32 194
194 40
40 162
162 32
32 195
195 24
24 195
195 32
32 162
162 40
40 130
130 32
32 130
130 32
32 162
162 32
32 162
162 32
END_IMAGE:
NEW_IMAGE:
73 232
232 73
73 232
232 73
73 232
232 73
73 232
232 65
65 232
232 65
65 232
232 65
65 232
232 65
65 232
232 65
65 232
232 65
65 200
200 73
73 232
232 65
65 200
200 73
73 232
232 73
73 231
231 73
73 232
232 73
73 232
232 73
73 232
232 73
73 232
232 65
65 232
232 65
65 199
199 74
74 8
8 73
73 232
232 73
73 232
232 73
73 232
232 73
73 232
232 73
73 200
200 73
73 232
232 73
73 232
232 73
73 232
232 74
74 8
8 73
73 232
232 74
74 9
9 73
73 232
232 81
81 232
232 73
73 232
232 74
74 8
8 73
73 232
232 74
74 8
8 74
74 8
8 73
73 232
232 73
73 232
232 73
73 232
232 73
73 232
232 73
73 232
232 73
73 232
232 74
74 8
8 82
82 8
8 73
73 232
232 82
82 9
9 73
73 233
233 74
74 9
9 81
81 233
233 73
73 232
232 73
73 232
232 74
74 8
8 82
82 8
8 74
74 8
8 74
74 8
8 82
82 41
41 82
82 9
9 82
82 9
9 82
82 9
9 82
82 41
41 74
74 8
8 74
74 40
40 74
74 40
40 82
82 8
8 82
82 9
9 82
82 9
9 82
82 8
8 82
82 41
41 82
82 41
41 82
82 8
8 82
82 41
41 82
82 41
41 74
74 41
41 74
74 41
41 74
74 41
41 74
74 73
73 82
82 41
41 82
82 9
9 82
82 41
41 82
82 9
9 82
82 41
41 82
82 9
9 82
82 41
41 82
82 9
9 82
82 9
9 82
82 9
9 82
82 9
9 82
82 9
9 82
82 9
9 82
82 41
41 82
82 41
41 82
82 41
41 82
82 41
41 82
82 41
41 82
82 9
9 82
82 9
9 90
90 9
9 90
90 41
41 82
82 9
9 82
82 41
41 82
82 9
9 82
82 41
41 82
82 9
9 82
82 9
9 82
82 42
42 82
82 41
41 82
82 41
41 82
82 41
41 82
82 9
9 82
82 41
41 82
82 9
9 82
82 41
41 82
82 41
41 82
82 41
41 82
82 73
73 82
82 41
41 82
82 41
41 82
82 41
41 82
82 41
41 82
82 41
41 82
82 73
73 82
82 41
41 82
82 9
9 90
90 41
41 90
90 42
42 90
90 42
42 90
90 42
42 90
90 41
41 82
82 41
41 82
82 41
41 82
82 73
73 82
82 41
41 82
82 73
73 82
82 73
73 90
90 73
73 90
90 73
73 90
90 42
42 90
90 42
42 90
90 42
42 90
90 42
42 82
82 42
42 82
82 73
73 82
82 41
41 82
82 41
41 82
82 41
41 90
90 41
41 90
90 42
42 90
90 74
74 90
90 74
74 90
90 73
73 82
82 73
73 82
82 73
73 82
82 73
73 82
82 73
73 82
82 73
73 82
82 73
73 82
82 74
74 82
END_IMAGE:
NEW_IMAGE:
82 40
40 82
82 40
40 82
82 40
40 82
82 40
40 82
82 72
72 82
82 72
72 82
82 72
72 82
82 39
39 82
82 40
40 82
82 7
7 82
82 40
40 82
82 40
40 82
82 72
72 82
82 40
40 74
74 40
40 74
74 40
40 82
82 40
40 82
82 39
39 82
82 39
39 82
82 7
7 82
82 39
39 82
82 39
39 82
82 39
39 82
82 39
39 82
82 39
39 82
82 40
40 82
82 40
40 82
82 40
40 82
82 39
39 82
82 40
40 82
82 7
7 82
82 40
40 82
82 40
40 82
82 8
8 82
82 8
8 82
82 8
8 90
90 8
8 90
90 8
8 90
90 7
7 82
82 7
7 82
82 7
7 82
82 39
39 82
82 39
39 82
82 39
39 74
74 40
40 82
82 40
40 82
82 40
40 82
82 40
40 82
82 40
40 82
82 40
40 82
82 39
39 82
82 39
39 82
82 39
39 82
82 39
39 82
82 7
7 82
82 39
39 82
82 39
39 82
82 39
39 82
82 39
39 82
82 39
39 74
74 40
40 74
74 40
40 74
74 40
40 74
74 40
40 74
74 8
8 74
74 8
8 74
74 7
7 82
82 7
7 74
74 7
7 74
74 7
7 73
73 231
231 73
73 231
231 73
73 230
230 73
73 231
231 73
73 230
230 74
74 6
6 73
73 230
230 65
65 230
230 73
73 230
230 65
65 230
230 65
65 230
230 65
65 198
198 65
65 198
198 65
65 232
232 49
49 134
134 40
40 194
194 40
40 194
194 57
57 133
133 57
57 133
133 57
57 165
165 57
57 133
133 57
57 166
166 49
49 134
134 41
41 68
68 49
49 101
101 57
57 133
133 57
57 133
133 57
57 133
133 57
57 133
133 57
57 133
133 57
57 133
133 49
49 133
133 49
49 133
133 49
49 133
133 49
49 133
133 41
41 132
132 41
41 101
101 41
41 36
36 32
32 163
163 33
33 37
37 49
49 166
166 33
33 4
4 33
33 4
4 41
41 37
37 41
41 37
37 41
41 36
36 41
41 69
69 41
41 68
68 41
41 101
101 49
49 101
101 49
49 101
101 49
49 101
101 49
49 133
133 41
41 69
69 49
49 166
166 66
66 8
8 81
81 232
232 81
81 232
232 82
82 8
8 82
82 8
8 82
82 8
8 82
82 40
40 82
82 40
40 74
74 40
40 74
74 40
40 82
82 40
40 74
74 40
40 82
82 40
40 82
82 72
72 82
82 40
40 82
82 40
40 82
82 41
41 82
82 41
41 82
82 41
41 74
74 40
40 82
82 73
73 74
74 72
72 82
82 72
72 82
82 40
40 82
82 40
40 74
74 73
73 82
82 41
41 82
82 73
73 82
82 41
41 82
82 73
73 82
82 73
73 74
74 73
73 74
74 73
73 82
82 73
73 82
82 73
73 82
END_IMAGE:
NEW_IMAGE:
49 135
135 49
49 168
168 49
49 200
200 49
49 200
200 49
49 199
199 49
49 199
199 49
49 199
199 49
49 231
231 49
49 199
199 49
49 199
199 49
49 199
199 49
49 199
199 49
49 199
199 49
49 199
199 57
57 232
232 57
57 200
200 57
57 200
200 57
57 200
200 57
57 199
199 57
57 199
199 57
57 199
199 57
57 199
199 57
57 200
200 57
57 232
232 49
49 232
232 49
49 232
232 49
49 232
232 50
50 9
9 49
49 232
232 49
49 233
233 57
57 233
233 49
49 233
233 49
49 233
233 49
49 233
233 57
57 233
233 57
57 233
233 57
57 233
233 57
57 201
201 57
57 233
233 57
57 233
233 57
57 233
233 57
57 234
234 57
57 233
233 57
57 234
234 57
57 233
233 57
57 233
233 58
58 9
9 57
57 232
232 58
58 8
8 57
57 233
233 57
57 233
233 57
57 233
233 57
57 233
233 57
57 233
233 57
57 233
233 57
57 233
233 57
57 233
233 57
57 233
233 57
57 233
233 57
57 233
233 57
57 232
232 57
57 201
201 49
49 168
168 41
41 134
134 41
41 134
134 41
41 134
134 41
41 102
102 41
41 102
102 49
49 102
102 41
41 70
70 41
41 69
69 41
41 69
69 41
41 69
69 41
41 69
69 41
41 69
69 33
33 69
69 33
33 69
69 33
33 69
69 33
33 37
37 33
33 37
37 33
33 37
37 33
33 37
37 33
33 5
5 41
41 5
5 32
32 228
228 32
32 228
228 32
32 196
196 24
24 195
195 32
32 196
196 24
24 195
195 24
24 227
227 24
24 227
227 24
24 195
195 24
24 195
195 24
24 195
195 24
24 195
195 24
24 227
227 24
24 196
196 24
24 196
196 24
24 228
228 24
24 228
228 16
16 163
163 24
24 164
164 16
16 164
164 24
24 164
164 24
24 164
164 24
24 196
196 24
24 229
229 24
24 228
228 24
24 229
229 24
24 228
228 25
25 4
4 24
24 229
229 25
25 5
5 25
25 5
5 24
24 228
228 25
25 4
4 33
33 37
37 33
33 5
5 33
33 5
5 33
33 37
37 33
33 5
5 33
33 37
37 33
33 4
4 41
41 5
5 41
41 5
5 57
57 70
70 57
57 134
134 74
74 40
40 82
82 138
138 90
90 202
202 98
98 234
234 98
98 202
202 106
106 235
235 98
98 202
202 98
98 203
203 98
98 235
235 98
98 203
203 98
98 235
235 98
98 235
235 98
98 235
235 98
98 235
235 98
98 235
235 99
99 11
11 98
98 235
235 99
99 11
11 98
98 235
235 98
98 235
235 98
98 235
235 98
98 235
235 98
98 235
235 99
99 11
11 98
98 235
235 99
99 11
11 98
98 235
235 98
98 235
235 106
106 235
235 106
106 235
235 98
98 235
235 98
98 235
235 106
END_IMAGE:
NEW_IMAGE:
24 97
97 16
16 130
130 16
16 162
162 24
24 227
227 24
24 195
195 32
32 194
194 40
40 227
227 32
32 163
163 40
40 195
195 32
32 195
195 24
24 227
227 32
32 227
227 33
33 3
3 40
40 227
227 48
48 227
227 48
48 227
227 40
40 226
226 41
41 3
3 41
41 2
2 41
41 3
3 41
41 3
3 40
40 227
227 40
40 227
227 40
40 227
227 48
48 227
227 40
40 226
226 49
49 3
3 41
41 36
36 33
33 4
4 41
41 5
5 40
40 228
228 24
24 227
227 16
16 162
162 8
8 193
193 8
8 161
161 8
8 161
161 8
8 161
161 8
8 129
129 8
8 161
161 8
8 161
161 8
8 161
161 8
8 129
129 8
8 161
161 8
8 193
193 8
8 193
193 0
0 193
193 8
8 193
193 8
8 194
194 8
8 194
194 16
16 194
194 16
16 161
161 16
16 130
130 16
16 129
129 16
16 97
97 16
16 64
64 32
32 129
129 32
32 194
194 56
56 162
162 72
72 98
98 80
80 99
99 72
72 99
99 56
56 96
96 48
48 162
162 49
49 134
134 73
73 232
232 66
66 8
8 66
66 7
7 74
74 40
40 73
73 231
231 65
65 199
199 65
65 231
231 65
65 199
199 65
65 199
199 65
65 231
231 65
65 199
199 65
65 231
231 65
65 231
231 65
65 231
231 65
65 199
199 65
65 231
231 73
73 231
231 73
73 231
231 73
73 199
199 73
73 231
231 73
73 199
199 73
73 231
231 73
73 231
231 65
65 231
231 73
73 231
231 65
65 231
231 65
65 231
231 65
65 231
231 73
73 231
231 73
73 231
231 74
74 8
8 65
65 199
199 73
73 232
232 73
73 232
232 65
65 231
231 73
73 231
231 73
73 231
231 74
74 7
7 73
73 231
231 74
74 7
7 65
65 231
231 74
74 7
7 65
65 231
231 73
73 232
232 73
73 231
231 73
73 232
232 73
73 231
231 73
73 231
231 74
74 7
7 74
74 7
7 74
74 8
8 74
74 7
7 73
73 231
231 73
73 231
231 65
65 231
231 65
65 232
232 98
98 137
137 106
106 170
170 74
74 8
8 65
65 134
134 73
73 199
199 73
73 199
199 73
73 199
199 73
73 199
199 90
90 73
73 98
98 106
106 106
106 203
203 107
107 45
45 98
98 236
236 73
73 166
166 65
65 133
133 115
115 12
12 123
123 77
77 107
107 12
12 107
107 44
44 115
115 45
45 115
115 45
45 107
107 13
13 115
115 45
45 107
107 45
45 107
107 45
45 107
107 44
44 107
107 77
77 107
107 45
45 107
107 77
77 107
107 77
77 107
107 45
45 107
107 77
77 107
107 77
77 107
107 77
77 107
107 77
77 107
107 77
77 107
107 77
77 107
107 77
77 107
107 77
77 107
107 77
77 107
END_IMAGE:
NEW_IMAGE:
40 226
226 40
40 226
226 41
41 2
2 40
40 226
226 40
40 226
226 40
40 226
226 40
40 225
225 40
40 226
226 40
40 226
226 40
40 226
226 40
40 225
225 40
40 226
226 40
40 226
226 41
41 2
2 33
33 2
2 32
32 227
227 40
40 226
226 40
40 194
194 48
48 194
194 40
40 194
194 32
32 226
226 32
32 226
226 32
32 226
226 32
32 226
226 32
32 226
226 32
32 226
226 32
32 226
226 32
32 226
226 32
32 226
226 24
24 194
194 32
32 194
194 32
32 194
194 32
32 194
194 32
32 194
194 32
32 227
227 32
32 227
227 32
32 227
227 32
32 227
227 32
32 195
195 32
32 195
195 32
32 195
195 32
32 194
194 32
32 194
194 32
32 227
227 32
32 194
194 32
32 195
195 32
32 195
195 32
32 195
195 32
32 226
226 32
32 226
226 32
32 226
226 32
32 226
226 32
32 226
226 32
32 226
226 32
32 227
227 32
32 194
194 32
32 194
194 32
32 194
194 32
32 227
227 32
32 194
194 32
32 194
194 32
32 194
194 32
32 194
194 32
32 194
194 32
32 194
194 32
32 195
195 24
24 195
195 24
24 195
195 24
24 163
163 24
24 162
162 24
24 195
195 24
24 195
195 32
32 195
195 32
32 163
163 32
32 195
195 32
32 194
194 24
24 194
194 41
41 101
101 57
57 199
199 65
65 231
231 57
57 168
168 74
74 74
74 90
90 236
236 99
99 78
78 90
90 237
237 91
91 13
13 91
91 12
12 91
91 13
13 99
99 12
12 91
91 48
48 82
82 205
205 49
49 101
101 32
32 227
227 32
32 162
162 32
32 162
162 32
32 194
194 32
32 227
227 24
24 195
195 32
32 194
194 32
32 194
194 32
32 194
194 32
32 195
195 32
32 194
194 32
32 194
194 32
32 194
194 32
32 162
162 24
24 194
194 32
32 195
195 24
24 195
195 24
24 194
194 32
32 162
162 32
32 194
194 24
24 226
226 32
32 226
226 32
32 227
227 24
24 161
161 32
32 227
227 58
58 8
8 82
82 203
203 90
90 236
236 82
82 171
171 82
82 171
171 82
82 171
171 82
82 171
171 82
82 171
171 90
90 171
171 90
90 203
203 90
90 203
203 90
90 203
203 90
90 203
203 90
90 236
236 90
90 203
203 90
90 204
204 98
98 237
237 98
98 236
236 98
98 236
236 98
98 236
236 99
99 12
12 99
99 12
12 107
107 45
45 107
107 13
13 99
99 45
45 99
99 45
45 99
99 45
45 107
107 77
77 107
107 77
77 107
107 109
109 107
107 109
109 107
107 77
77 107
107 77
77 107
107 109
109 115
115 174
174 115
115 142
142 115
115 142
142 115
115 174
174 115
115 174
174 115
115 174
174 115
115 174
174 115
115 175
175 123
123 207
207 115
END_IMAGE:
NEW_IMAGE:
99 12
12 99
99 13
13 98
98 205
205 90
90 172
172 90
90 140
140 90
90 172
172 90
90 172
172 90
90 140
140 98
98 141
141 90
90 172
172 98
98 237
237 98
98 237
237 99
99 45
45 99
99 13
13 99
99 13
13 98
98 236
236 107
107 45
45 107
107 110
110 115
115 175
175 107
107 112
112 107
107 111
111 107
107 79
79 99
99 46
46 99
99 45
45 107
107 46
46 99
99 79
79 107
107 110
110 115
115 111
111 107
107 46
46 98
98 236
236 107
107 109
109 132
132 18
18 132
132 18
18 115
115 241
241 115
115 176
176 107
107 111
111 99
99 14
14 98
98 204
204 106
106 205
205 98
98 236
236 99
99 78
78 107
107 142
142 115
115 175
175 123
123 209
209 123
123 208
208 123
123 209
209 115
115 112
112 107
107 78
78 107
107 46
46 115
115 144
144 107
107 111
111 99
99 46
46 115
115 111
111 115
115 176
176 115
115 144
144 115
115 175
175 107
107 78
78 107
107 78
78 107
107 78
78 98
98 237
237 99
99 46
46 99
99 45
45 91
91 13
13 99
99 46
46 107
107 78
78 107
107 110
110 115
115 110
110 115
115 110
110 115
115 110
110 115
115 143
143 115
115 111
111 115
115 111
111 115
115 143
143 115
115 143
143 115
115 111
111 115
115 110
110 107
107 110
110 107
107 78
78 107
107 110
110 107
107 110
110 107
107 110
110 107
107 111
111 107
107 46
46 90
90 204
204 90
90 204
204 106
106 236
236 115
115 45
45 123
123 177
177 123
123 144
144 123
123 144
144 123
123 112
112 115
115 112
112 115
115 143
143 115
115 110
110 115
115 78
78 115
115 46
46 107
107 14
14 98
98 236
236 115
115 45
45 115
115 110
110 115
115 142
142 123
123 175
175 123
123 143
143 115
115 143
143 115
115 111
111 123
123 176
176 115
115 175
175 123
123 144
144 115
115 46
46 107
107 13
13 90
90 236
236 90
90 235
235 91
91 12
12 107
107 45
45 107
107 78
78 123
123 144
144 115
115 110
110 115
115 175
175 123
123 175
175 123
123 208
208 123
123 240
240 131
131 242
242 123
123 175
175 107
107 46
46 90
90 173
173 90
90 203
203 99
99 14
14 115
115 144
144 115
115 144
144 123
123 177
177 123
123 240
240 132
132 16
16 115
115 142
142 123
123 142
142 106
106 106
106 81
81 199
199 65
65 166
166 49
49 37
37 65
65 69
69 65
65 68
68 81
81 68
68 81
81 68
68 81
81 68
68 73
73 101
101 49
49 101
101 49
49 68
68 41
41 68
68 33
33 4
4 41
41 36
36 33
33 4
4 33
33 4
4 41
41 4
4 33
33 4
4 41
41 4
4 33
33 4
4 33
33 4
4 33
33 4
4 33
33 36
36 33
33 4
4 33
33 36
36 33
END_IMAGE:
NEW_IMAGE:
65 200
200 65
65 199
199 65
65 199
199 65
65 199
199 57
57 199
199 65
65 199
199 65
65 199
199 65
65 199
199 65
65 167
167 65
65 167
167 65
65 199
199 57
57 199
199 57
57 231
231 57
57 199
199 57
57 199
199 57
57 199
199 57
57 199
199 57
57 199
199 57
57 199
199 57
57 199
199 57
57 199
199 57
57 199
199 57
57 199
199 57
57 199
199 57
57 167
167 57
57 231
231 57
57 199
199 57
57 231
231 57
57 199
199 57
57 200
200 57
57 200
200 57
57 199
199 65
65 199
199 57
57 199
199 65
65 199
199 57
57 199
199 57
57 199
199 57
57 231
231 57
57 199
199 57
57 199
199 57
57 199
199 57
57 199
199 57
57 199
199 57
57 167
167 65
65 199
199 65
65 199
199 57
57 199
199 65
65 199
199 65
65 200
200 65
65 167
167 65
65 167
167 65
65 199
199 65
65 167
167 65
65 167
167 57
57 231
231 57
57 199
199 57
57 199
199 57
57 232
232 57
57 231
231 65
65 232
232 57
57 232
232 57
57 200
200 57
57 200
200 57
57 199
199 57
57 199
199 57
57 199
199 57
57 199
199 57
57 199
199 57
57 199
199 57
57 199
199 57
57 199
199 57
57 167
167 65
65 167
167 65
65 199
199 57
57 199
199 57
57 199
199 57
57 199
199 57
57 199
199 57
57 199
199 57
57 199
199 57
57 199
199 57
57 167
167 57
57 199
199 57
57 167
167 57
57 199
199 57
57 199
199 65
65 167
167 57
57 199
199 57
57 199
199 57
57 199
199 57
57 199
199 57
57 231
231 57
57 199
199 57
57 199
199 57
57 199
199 57
57 167
167 65
65 167
167 65
65 167
167 65
65 199
199 57
57 199
199 57
57 231
231 57
57 199
199 57
57 199
199 57
57 232
232 57
57 199
199 57
57 199
199 57
57 199
199 65
65 232
232 65
65 232
232 65
65 200
200 65
65 200
200 57
57 167
167 65
65 168
168 65
65 168
168 57
57 199
199 57
57 199
199 57
57 199
199 57
57 199
199 57
57 199
199 65
65 199
199 65
65 167
167 57
57 167
167 57
57 167
167 57
57 167
167 57
57 199
199 57
57 199
199 57
57 167
167 57
57 199
199 57
57 199
199 57
57 199
199 57
57 199
199 57
57 199
199 57
57 199
199 57
57 199
199 57
57 232
232 57
57 167
167 65
65 167
167 65
65 166
166 57
57 166
166 57
57 134
134 57
57 167
167 49
49 166
166 57
57 167
167 49
49 167
167 49
49 166
166 49
49 167
167 49
49 166
166 49
49 167
167 49
49 167
167 49
49 166
166 57
57 167
167 65
65 200
200 57
57 199
199 57
57 167
167 57
57 166
166 57
57 134
134 57
57 134
134 57
57 133
133 57
57 134
134 49
49 134
134 49
END_IMAGE:
NEW_IMAGE:
90 170
170 90
90 170
170 90
90 170
170 90
90 138
138 90
90 138
138 98
98 138
138 98
98 138
138 98
98 106
106 98
98 138
138 98
98 170
170 90
90 138
138 90
90 138
138 90
90 170
170 90
90 138
138 90
90 170
170 82
82 138
138 82
82 170
170 90
90 138
138 90
90 138
138 90
90 138
138 90
90 138
138 90
90 138
138 90
90 138
138 90
90 138
138 90
90 170
170 82
82 138
138 90
90 138
138 82
82 170
170 82
82 170
170 82
82 138
138 90
90 140
140 90
90 140
140 82
82 139
139 82
82 139
139 82
82 138
138 82
82 137
137 82
82 138
138 82
82 138
138 90
90 106
106 82
82 138
138 82
82 138
138 82
82 138
138 82
82 138
138 90
90 138
138 90
90 138
138 90
90 139
139 82
82 138
138 90
90 107
107 90
90 106
106 90
90 106
106 98
98 74
74 90
90 106
106 98
98 74
74 90
90 74
74 82
82 105
105 82
82 138
138 82
82 138
138 82
82 170
170 82
82 170
170 82
82 137
137 90
90 106
106 82
82 106
106 82
82 106
106 82
82 106
106 82
82 106
106 82
82 106
106 90
90 106
106 82
82 106
106 82
82 138
138 82
82 138
138 82
82 170
170 82
82 138
138 82
82 138
138 82
82 138
138 82
82 138
138 74
74 138
138 74
74 138
138 74
74 138
138 74
74 106
106 74
74 105
105 82
82 105
105 82
82 106
106 82
82 106
106 82
82 74
74 82
82 106
106 82
82 105
105 82
82 106
106 82
82 105
105 74
74 105
105 74
74 105
105 74
74 73
73 82
82 106
106 74
74 73
73 82
82 105
105 74
74 73
73 82
82 73
73 82
82 105
105 82
82 137
137 82
82 105
105 74
74 105
105 82
82 105
105 82
82 105
105 82
82 73
73 82
82 73
73 82
82 73
73 82
82 74
74 74
74 73
73 74
74 41
41 82
82 41
41 82
82 41
41 74
74 41
41 74
74 73
73 74
74 73
73 82
82 105
105 82
82 73
73 82
82 73
73 74
74 73
73 74
74 40
40 74
74 73
73 74
74 73
73 74
74 73
73 74
74 73
73 74
74 41
41 74
74 73
73 74
74 73
73 66
66 40
40 74
74 41
41 74
74 41
41 74
74 41
41 74
74 73
73 74
74 41
41 74
74 41
41 74
74 41
41 74
74 74
74 74
74 42
42 74
74 41
41 66
66 40
40 74
74 73
73 66
66 73
73 66
66 73
73 66
66 73
73 74
74 73
73 74
74 41
41 66
66 41
41 74
74 41
41 74
74 41
41 74
74 40
40 74
74 40
40 74
74 40
40 66
66 40
40 66
66 41
41 66
66 41
41 66
66 41
41 74
74 41
41 74
74 41
41 74
74 41
41 66
66 8
8 66
66 40
40 66
66 40
40 66
66 40
40 66
END_IMAGE:
NEW_IMAGE:
255 255
255 255
255 223
223 255
255 223
223 255
255 223
223 247
247 158
158 247
247 126
126 239
239 60
60 222
222 186
186 222
222 153
153 197
197 247
247 205
205 248
248 197
197 54
54 189
189 118
118 148
148 114
114 148
148 82
82 148
148 83
83 148
148 83
83 148
148 115
115 148
148 115
115 156
156 147
147 164
164 180
180 173
173 21
21 173
173 21
21 173
173 21
21 181
181 54
54 181
181 54
54 181
181 119
119 181
181 119
119 189
189 151
151 189
189 152
152 189
189 184
184 197
197 184
184 213
213 217
217 213
213 250
250 214
214 26
26 214
214 58
58 214
214 91
91 222
222 156
156 222
222 156
156 230
230 156
156 230
230 189
189 230
230 189
189 230
230 125
125 230
230 156
156 238
238 189
189 246
246 254
254 246
246 254
254 246
246 254
254 254
254 254
254 254
254 254
254 255
255 30
30 255
255 30
30 255
255 31
31 255
255 62
62 255
255 95
95 255
255 127
127 255
255 159
159 255
255 191
191 255
255 191
191 255
255 191
191 255
255 223
223 255
255 159
159 255
255 191
191 255
255 191
191 255
255 191
191 255
255 159
159 247
247 29
29 239
239 28
28 214
214 89
89 189
189 150
150 172
172 243
243 131
131 239
239 123
123 142
142 98
98 171
171 90
90 108
108 65
65 169
169 49
49 136
136 41
41 71
71 41
41 71
71 41
41 72
72 49
49 137
137 57
57 169
169 49
49 104
104 49
49 71
71 57
57 103
103 57
57 102
102 57
57 167
167 57
57 135
135 65
65 167
167 57
57 168
168 49
49 135
135 49
49 134
134 57
57 134
134 57
57 167
167 49
49 167
167 49
49 134
134 49
49 135
135 49
49 134
134 57
57 134
134 57
57 102
102 57
57 102
102 57
57 69
69 57
57 68
68 57
57 133
133 41
41 134
134 41
41 69
69 41
41 69
69 41
41 68
68 41
41 68
68 49
49 69
69 57
57 36
36 41
41 100
100 41
41 100
100 41
41 100
100 41
41 68
68 41
41 68
68 41
41 68
68 41
41 68
68 41
41 68
68 41
41 68
68 41
41 68
68 41
41 68
68 33
33 68
68 33
33 68
68 33
33 68
68 33
33 67
67 33
33 36
36 33
33 68
68 33
33 36
36 33
33 68
68 33
33 36
36 33
33 36
36 33
33 36
36 33
33 36
36 33
33 36
36 33
33 35
35 33
33 35
35 33
33 35
35 33
33 35
35 25
25 35
35 25
25 68
68 25
25 68
68 25
25 68
68 17
17 35
35 33
33 68
68 25
25 35
35 25
25 35
35 25
25 35
35 17
17 67
67 17
17 35
35 25
25 35
35 25
25 35
35 25
25 35
35 17
17 67
67 17
17 67
67 17
17 67
67 17
17 67
67 17
17 67
67 17
17 67
67 17
17 67
67 25
END_IMAGE:
NEW_IMAGE:
0 32
32 0
0 32
32 0
0 32
32 0
0 32
32 0
0 0
0 0
0 0
0 0
0 0
0 0
0 0
0 0
0 0
0 0
0 0
0 0
0 0
0 0
0 0
0 0
0 0
0 0
0 0
0 0
0 0
0 0
0 0
0 0
0 0
0 0
0 0
0 0
0 0
0 0
0 0
0 0
0 0
0 0
0 32
32 0
0 0
0 0
0 32
32 0
0 32
32 0
0 32
32 0
0 32
32 0
0 32
32 0
0 32
32 0
0 32
32 0
0 32
32 0
0 32
32 0
0 32
32 0
0 32
32 0
0 97
97 24
24 64
64 32
32 225
225 58
58 168
168 67
67 235
235 34
34 201
201 2
2 103
103 1
1 200
200 1
1 167
167 1
1 100
100 9
9 35
35 0
0 226
226 0
0 194
194 0
0 129
129 0
0 64
64 0
0 64
64 0
0 96
96 0
0 32
32 0
0 64
64 0
0 96
96 0
0 65
65 0
0 65
65 0
0 128
128 0
0 192
192 0
0 224
224 1
1 1
1 1
1 98
98 9
9 99
99 17
17 99
99 17
17 131
131 9
9 131
131 9
9 132
132 9
9 197
197 9
9 132
132 9
9 165
165 9
9 165
165 17
17 165
165 1
1 196
196 9
9 197
197 1
1 229
229 9
9 197
197 9
9 229
229 1
1 230
230 1
1 230
230 1
1 197
197 9
9 230
230 9
9 133
133 17
17 198
198 17
17 198
198 17
17 132
132 25
25 133
133 25
25 101
101 17
17 100
100 17
17 132
132 17
17 132
132 17
17 165
165 17
17 164
164 25
25 132
132 33
33 68
68 41
41 101
101 41
41 100
100 33
33 100
100 25
25 100
100 33
33 69
69 41
41 101
101 33
33 101
101 33
33 100
100 33
33 133
133 33
33 133
133 25
25 133
133 33
33 133
133 33
33 133
133 25
25 101
101 25
25 134
134 33
33 101
101 33
33 69
69 41
41 101
101 41
41 166
166 33
33 166
166 33
33 166
166 33
33 166
166 33
33 199
199 25
25 231
231 33
33 198
198 49
49 231
231 50
50 39
39 42
42 6
6 42
42 38
38 42
42 7
7 42
42 7
7 42
42 40
40 49
49 231
231 58
58 8
8 57
57 232
232 58
58 8
8 58
58 8
8 58
58 40
40 58
58 39
39 66
66 40
40 66
66 73
73 66
66 40
40 66
66 41
41 66
66 73
73 66
66 41
41 74
74 73
73 74
74 105
105 74
74 138
138 74
74 138
138 82
82 170
170 74
74 170
170 74
74 202
202 90
90 235
235 90
90 235
235 99
99 45
45 99
99 44
44 99
99 12
12 107
107 77
77 107
107 77
77 115
115 77
77 107
107 77
77 115
115 110
110 115
115 174
174 115
115 174
174 115
115 175
175 123
123 207
207 123
123 175
175 123
END_IMAGE:
