last fall found
NEW_IMAGE:
73 36
73 36
73 36
81 36
81 5
81 5
81 37
81 5
81 5
81 5
81 4
81 37
73 37
73 37
65 69
65 37
65 69
73 69
81 69
81 37
81 36
81 4
81 4
81 4
81 4
81 37
81 69
81 69
81 69
81 69
73 37
73 69
81 69
73 69
73 101
73 69
73 69
73 70
81 70
73 37
73 37
73 37
73 37
73 38
73 70
73 70
81 102
73 101
73 101
73 101
73 101
73 101
73 101
73 102
73 102
73 102
81 102
73 70
73 70
65 37
73 102
81 134
89 101
89 133
89 101
81 101
81 133
73 101
81 133
81 133
81 133
81 134
81 134
81 101
81 134
89 102
89 102
81 70
81 102
89 101
89 101
89 101
89 134
89 102
89 134
89 134
89 133
89 133
89 133
81 133
81 134
81 135
81 166
81 166
89 135
89 135
89 134
81 101
81 101
89 134
89 102
89 134
89 133
89 133
81 101
81 133
81 133
81 101
89 133
81 101
89 133
89 165
89 165
89 165
89 166
89 166
89 166
89 166
89 165
89 132
97 133
97 101
97 133
97 101
97 101
97 102
97 134
97 199
97 199
89 167
97 167
89 167
89 167
89 102
89 166
89 167
81 167
81 167
81 167
89 167
89 166
89 166
89 166
97 166
89 134
89 167
89 167
89 166
97 198
97 166
89 166
89 166
97 197
89 165
89 133
89 134
97 134
97 134
97 133
97 133
97 133
97 133
97 133
97 133
97 166
97 167
97 167
97 166
97 166
89 134
97 166
97 198
97 230
97 230
97 197
105 165
113 165
113 197
121 198
113 198
121 198
129 166
121 133
105 166
113 198
105 165
105 230
106 7
97 231
97 166
113 199
113 134
113 134
113 166
113 166
105 165
113 198
121 198
129 198
129 165
129 165
113 197
97 230
97 198
97 198
97 231
105 231
105 199
113 167
121 167
129 199
129 199
121 198
121 197
121 165
113 197
105 197
105 197
105 198
105 166
105 134
105 134
105 102
105 102
105 102
97 133
97 134
97 135
105 134
113 102
113 101
105 133
105 166
105 166
97 166
97 166
105 166
105 166
113 134
121 133
129 133
129 166
121 198
122 7
122 39
121 231
121 198
121 165
113 101
105 134
89 166
89 135
81 167
81 167
81 166
81 166
89 167
89 167
97 167
113 135
129 38
121 38
113 102
113 102
113 134
113 133
105 133
105 164
105 132
105 133
105 133
97 132
97 100
97 133
97 133
97 166
97 166
97 166
97 166
105 133
113 101
113 101
121 101
113 100
113 100
105 100
105 100
105 100
105 100
97 166
89 133
81 166
65 100
64 227
72 162
64 130
64 130
56 130
48 130
48 97
56 65
56 97
56 65
56 97
56 97
56 97
56 98
48 99
48 98
56 130
56 99
56 99
56 131
56 130
56 130
56 130
56 130
56 129
48 129
48 129
48 97
56 97
56 97
64 97
64 97
64 98
56 99
56 99
56 99
56 67
56 66
64 66
64 98
64 131
56 130
56 130
56 130
56 98
56 98
56 130
56 130
56 98
64 130
56 129
64 129
56 128
56 128
56 96
64 96
64 97
64 97
64 98
64 130
64 130
64 130
64 130
56 130
56 129
56 129
56 130
56 130
64 130
56 130
64 130
64 130
64 131
56 130
64 98
72 98
72 98
64 130
72 129
88 130
97 36
97 101
97 101
97 133
105 165
105 101
105 100
113 68
113 100
113 100
113 101
113 101
105 101
105 102
105 69
105 102
105 102
105 102
105 102
105 102
105 134
97 134
97 166
105 166
97 134
97 134
97 135
97 134
97 134
97 134
97 134
105 134
97 134
89 134
89 134
89 102
89 102
97 102
97 102
97 134
97 166
97 134
89 134
97 165
97 165
89 132
97 100
97 101
105 101
105 68
105 133
89 101
89 101
89 101
97 101
97 101
97 101
89 101
89 133
89 133
97 133
105 100
105 101
97 101
97 101
89 101
89 101
89 101
89 101
97 101
89 101
97 133
89 132
97 132
97 100
89 68
89 68
89 100
89 100
97 133
89 101
89 100
89 100
89 100
89 133
89 133
89 134
89 134
89 101
89 101
89 101
97 101
89 101
89 133
89 133
81 132
89 133
97 133
89 69
89 69
89 68
89 69
89 101
89 101
89 101
81 101
81 101
81 101
81 68
89 68
81 100
89 101
81 101
81 101
81 101
89 69
89 37
89 36
89 68
89 68
89 68
81 68
89 68
89 68
89 69
89 68
89 100
81 68
81 69
81 69
81 69
89 69
89 101
89 100
89 101
89 68
89 68
89 68
81 68
81 68
81 68
73 36
73 36
81 35
81 35
73 35
73 35
73 35
73 36
81 36
81 37
89 37
81 37
81 37
73 69
73 101
65 35
73 68
73 68
73 67
73 67
81 36
81 36
89 4
81 37
73 69
73 69
73 37
73 37
73 37
73 37
73 37
73 37
73 37
73 5
73 5
73 5
73 4
65 36
57 35
57 3
57 3
65 3
64 227
65 3
73 36
73 36
73 36
65 4
64 228
73 4
65 4
65 36
65 36
65 4
65 3
64 227
65 3
64 227
56 227
57 3
49 3
57 3
57 3
56 227
64 227
57 3
56 227
56 227
56 195
56 194
56 226
56 194
64 194
64 194
72 194
73 3
64 227
56 227
56 227
56 227
56 227
56 227
56 227
56 228
56 227
57 3
56 227
56 227
48 228
56 229
56 229
56 197
56 196
56 226
64 194
56 226
56 227
56 196
64 163
56 196
49 4
56 194
64 227
73 36
64 227
64 227
64 226
57 2
57 2
56 226
48 227
48 227
48 227
48 227
56 227
56 227
56 227
56 195
56 196
56 196
56 196
56 196
48 196
48 196
56 229
48 196
END_IMAGE:
