NEW_IMAGE:
48 196
48 195
48 195
56 195
56 195
56 227
56 228
56 228
56 228
48 227
49 3
49 4
49 4
49 4
49 4
49 4
48 228
48 228
48 228
48 228
48 228
48 228
56 228
48 227
57 3
49 3
49 3
49 3
49 3
49 35
49 35
49 4
57 4
57 4
57 4
57 3
65 3
65 3
57 3
57 3
57 3
57 3
57 3
57 3
64 227
64 227
64 227
65 4
57 4
57 4
57 3
56 226
48 194
56 195
56 227
56 226
57 3
57 3
57 35
57 35
65 36
65 4
64 228
56 228
57 5
56 229
56 228
56 228
64 228
56 228
57 4
57 3
57 3
57 4
57 35
57 35
57 35
57 3
65 3
57 4
57 36
65 4
65 4
65 4
57 4
57 3
57 35
65 3
65 4
65 4
65 4
64 228
72 228
72 228
72 228
72 228
65 4
65 4
65 4
65 3
65 3
65 3
65 35
73 35
73 4
73 4
73 4
73 36
73 36
73 4
65 3
65 3
65 3
65 3
65 36
65 36
65 36
65 37
65 4
65 4
65 4
65 36
65 36
65 36
65 36
65 37
65 36
65 36
73 36
65 36
65 35
65 3
73 3
73 3
73 3
65 3
65 35
65 35
65 35
73 35
73 35
73 35
73 35
73 35
73 35
65 3
65 36
65 36
65 35
65 35
65 35
73 35
73 3
73 4
80 228
72 196
73 4
73 37
81 5
73 37
65 36
57 36
57 36
65 4
80 227
81 4
81 4
73 5
73 4
73 4
73 4
73 4
73 36
81 36
81 36
81 4
81 4
81 4
80 228
73 5
73 4
73 4
73 36
73 36
81 35
81 3
81 3
81 36
73 37
81 70
81 37
81 37
73 36
73 36
81 68
81 36
81 4
81 4
81 4
81 36
81 36
81 36
81 68
89 35
89 35
89 35
89 3
81 4
81 4
73 4
73 4
73 4
72 228
72 164
72 132
56 66
64 99
56 131
56 98
56 130
48 130
48 99
48 131
48 99
56 98
64 97
56 97
56 97
56 129
56 97
56 97
56 97
48 97
48 97
56 66
56 66
48 66
40 33
48 97
48 130
40 129
48 97
56 97
56 97
56 98
56 98
48 130
56 131
56 98
56 98
56 98
56 98
56 98
56 66
64 65
64 65
64 97
64 97
64 97
56 97
56 98
48 98
48 98
48 98
48 98
48 98
48 97
56 97
56 97
56 97
56 97
56 97
56 130
56 97
56 129
56 97
56 97
56 97
56 97
56 97
56 97
56 97
56 96
56 96
56 96
56 96
56 97
56 66
56 98
56 66
64 66
64 66
64 98
64 97
56 97
56 97
56 97
56 97
56 64
56 64
56 97
48 98
48 98
48 66
48 97
48 97
56 97
56 97
64 97
56 97
56 98
56 98
56 98
56 98
56 97
56 98
48 98
48 98
56 98
56 66
64 66
64 66
64 98
64 65
56 97
56 97
56 97
56 97
56 98
48 98
48 98
48 97
48 97
56 97
64 65
64 98
56 98
56 97
56 129
56 97
56 97
56 97
56 97
56 97
56 97
56 65
56 65
56 64
56 65
56 65
56 97
56 97
64 130
64 97
64 97
64 97
64 97
64 129
64 129
64 129
56 129
56 129
56 129
56 129
56 129
56 97
56 129
56 129
56 97
64 98
64 98
64 97
64 97
64 97
64 129
64 130
64 129
64 130
64 97
56 97
56 97
64 97
64 96
64 129
64 129
64 130
64 130
64 98
64 98
64 98
64 97
64 129
64 130
56 131
56 130
64 130
72 129
72 161
64 162
64 162
64 162
72 130
72 130
72 130
72 162
72 163
64 195
72 195
64 195
64 195
65 3
65 35
73 36
73 68
73 68
73 68
81 100
81 100
89 100
89 100
89 100
89 101
89 68
89 68
81 67
81 68
89 68
81 35
81 100
81 100
89 100
81 100
81 131
81 131
81 99
73 35
81 36
81 36
81 5
81 37
81 37
81 36
81 36
81 68
89 69
89 69
81 100
81 100
81 68
89 68
89 68
89 69
89 69
81 69
81 69
81 69
81 68
81 68
81 68
81 69
81 69
81 69
81 69
81 68
81 68
81 36
97 35
97 35
97 3
97 36
89 36
89 36
89 36
89 36
89 37
89 37
89 37
81 37
81 37
73 37
73 68
81 68
81 68
89 35
89 36
89 37
89 69
81 68
81 68
81 36
81 36
81 37
81 37
81 36
81 36
81 69
73 69
73 37
73 37
73 36
73 36
73 36
73 36
73 4
73 36
73 36
73 35
73 35
73 35
73 36
73 36
73 3
81 4
81 4
81 4
81 4
73 4
73 36
73 36
73 36
73 35
73 35
73 35
73 35
73 36
73 36
73 36
73 36
73 4
73 3
65 3
65 4
65 36
65 4
65 35
65 36
65 35
65 3
73 3
73 3
73 3
73 3
73 36
73 4
73 4
65 4
65 35
65 3
73 3
73 34
73 2
65 2
73 34
65 3
65 2
64 226
72 226
72 225
72 225
73 2
64 226
65 3
65 3
73 2
73 2
73 34
65 2
65 35
65 35
65 35
57 3
57 3
57 3
57 3
56 227
64 227
72 226
72 226
72 226
65 3
65 3
57 3
65 3
65 3
65 2
65 2
56 226
64 227
64 227
64 227
72 227
65 4
57 4
57 3
57 3
56 226
57 3
65 2
65 3
65 3
57 35
57 3
57 3
57 3
57 3
57 3
65 3
64 227
64 228
64 227
64 195
56 195
48 227
40 194
48 227
57 3
56 227
56 227
65 3
56 226
56 226
56 226
56 226
57 2
57 3
57 36
57 3
57 3
57 3
56 227
56 227
56 227
48 227
56 226
56 226
56 194
56 195
56 196
56 227
56 227
END_IMAGE:
