NEW_IMAGE:
56 228
56 228
56 228
56 227
57 4
57 4
57 36
57 36
57 36
57 4
57 4
57 5
57 4
57 4
65 4
65 4
65 4
65 5
65 37
65 37
65 37
65 37
73 36
73 69
65 69
65 69
65 68
65 68
65 36
65 36
65 37
65 37
73 36
65 67
65 67
65 100
73 68
73 36
73 36
73 35
73 3
73 36
73 4
65 37
73 69
73 101
73 101
73 69
73 69
73 69
73 68
73 68
73 68
73 35
73 68
73 69
65 69
73 69
73 69
81 36
89 4
89 37
81 37
81 37
81 69
73 69
73 69
73 70
73 70
73 38
73 38
81 70
81 69
81 68
81 68
81 68
81 69
81 69
89 69
89 69
89 69
89 102
81 102
81 69
81 37
81 5
81 5
80 228
89 5
81 36
81 68
81 68
81 68
73 36
81 68
81 101
81 101
89 70
89 70
89 70
89 69
89 69
89 69
81 69
81 69
89 101
89 69
89 70
89 101
89 100
89 100
89 100
81 101
81 102
81 102
81 102
81 101
89 100
81 100
81 68
81 69
81 70
81 70
89 70
89 69
89 69
89 70
89 70
89 70
89 70
81 102
81 101
89 69
89 70
89 68
89 67
89 67
89 68
81 68
81 68
81 68
81 68
73 100
73 36
89 101
81 100
89 101
89 101
81 101
81 102
81 101
73 101
73 133
73 133
81 164
73 99
73 99
73 99
73 34
73 2
64 162
56 130
56 129
56 130
56 98
56 98
56 98
56 130
48 129
48 97
48 97
48 97
48 97
48 97
48 97
48 97
48 98
48 65
56 34
48 98
48 130
48 130
48 130
48 98
48 97
48 98
48 130
48 98
56 130
48 130
48 130
56 131
48 98
48 99
48 130
48 162
48 130
56 97
64 97
64 98
64 98
56 98
56 98
56 98
48 97
48 97
48 98
48 66
48 98
48 130
48 130
48 130
40 98
40 98
40 98
48 98
48 98
56 99
56 98
56 98
56 130
56 130
56 130
56 130
56 130
56 98
64 98
64 99
64 99
64 98
64 98
64 97
56 97
56 129
56 129
56 129
56 129
56 130
56 130
56 130
56 130
56 98
56 130
56 130
64 130
56 129
56 130
56 130
56 130
64 131
64 130
64 131
64 131
56 131
56 132
56 99
56 99
56 67
56 67
64 66
56 98
56 97
56 98
56 98
56 66
56 98
56 98
56 97
64 98
64 67
72 67
72 100
64 130
56 97
56 129
56 130
56 130
56 97
56 130
64 98
64 98
64 98
64 130
56 131
56 163
56 130
64 130
64 130
64 130
64 130
64 131
64 99
64 99
64 99
64 98
64 98
64 130
64 162
64 162
64 162
64 130
64 162
64 162
64 162
64 162
64 162
64 130
64 130
72 130
72 130
80 98
80 98
80 98
72 131
72 131
72 130
72 131
72 99
72 131
64 99
64 99
64 131
64 131
64 130
64 130
64 161
64 130
64 97
64 97
64 98
64 129
72 97
80 97
72 97
72 98
80 98
88 66
72 99
72 131
72 163
64 131
64 98
64 130
64 129
64 129
64 129
64 129
64 129
64 130
72 98
72 98
72 98
88 97
80 129
72 129
72 129
72 129
72 162
64 129
64 129
72 129
64 129
72 162
72 163
64 162
64 162
64 162
64 194
64 226
65 35
73 100
81 100
81 101
89 102
89 134
89 166
97 166
97 167
105 134
97 134
97 166
97 166
97 166
97 166
97 166
97 166
97 165
89 165
89 165
89 133
89 133
97 132
105 68
105 100
105 69
97 134
89 134
89 166
89 166
89 166
89 133
89 133
89 165
89 164
97 132
97 133
97 134
89 134
89 134
89 134
89 133
89 133
81 133
89 133
89 101
97 133
97 101
97 101
97 101
97 101
97 101
97 101
97 101
97 69
97 100
89 133
97 133
97 100
97 100
97 132
89 132
81 132
89 100
81 68
81 101
89 101
81 69
81 68
81 101
81 69
89 69
89 101
89 101
89 101
89 101
89 101
89 101
81 132
73 133
73 70
81 70
81 70
89 70
89 70
89 37
89 69
89 68
89 68
89 68
89 100
89 100
89 101
89 37
81 70
89 103
89 71
81 69
81 36
81 36
81 36
81 68
81 68
81 68
81 100
81 68
81 68
81 36
81 37
81 37
81 37
73 68
73 68
73 68
73 68
73 68
81 67
81 35
81 35
81 35
81 68
73 68
73 68
81 36
81 69
81 69
73 69
65 70
65 70
73 68
73 67
73 35
73 35
73 35
73 35
73 3
65 3
65 3
65 4
65 4
65 4
65 4
65 4
57 4
65 3
57 3
57 3
57 3
57 3
57 3
57 2
65 2
65 2
65 3
65 3
64 227
64 227
56 227
56 227
56 227
56 227
56 227
57 3
49 3
56 226
64 194
64 162
64 194
56 194
56 226
56 226
56 226
56 226
64 226
56 227
56 227
56 228
48 227
48 227
48 227
48 227
48 227
48 227
48 227
48 227
48 226
48 226
48 226
56 194
56 162
56 162
56 162
56 162
48 194
48 162
64 194
56 194
56 227
48 227
48 228
48 228
48 228
48 195
48 195
48 195
48 163
48 163
48 163
48 163
40 195
48 195
56 195
56 195
64 195
64 195
56 196
64 196
56 228
56 195
56 195
56 195
56 226
56 226
48 194
40 193
40 226
32 194
40 227
48 164
48 195
56 196
56 195
56 195
56 195
56 195
56 227
56 227
56 227
56 227
56 195
48 195
48 227
48 227
48 227
48 227
48 227
48 226
56 226
56 226
56 194
48 194
48 195
48 195
48 194
56 193
56 194
56 162
56 163
56 163
56 195
56 196
48 196
48 195
48 195
56 163
56 162
56 161
56 162
48 162
48 163
48 163
END_IMAGE:
