NEW_IMAGE:
48 194
48 226
48 227
48 226
56 227
48 227
48 227
48 228
48 228
48 228
48 228
48 228
48 228
48 228
48 196
48 227
40 228
40 197
48 228
48 228
48 227
48 227
49 3
48 227
48 227
41 3
41 3
41 3
40 227
41 3
41 4
48 228
56 228
56 228
56 228
56 228
56 229
56 197
48 229
48 197
48 228
48 227
48 227
48 227
48 227
48 227
56 196
56 196
56 196
56 228
56 228
57 4
57 4
57 4
56 228
56 228
56 228
56 228
56 228
56 228
56 228
57 4
57 4
57 37
49 36
49 36
49 36
57 36
57 4
49 36
49 4
49 4
57 36
57 4
65 4
65 4
56 228
65 4
65 4
73 69
65 37
65 37
65 37
65 37
65 36
57 3
57 4
57 4
57 36
57 36
57 36
57 36
57 36
57 36
65 36
73 36
73 36
73 36
81 36
73 37
73 37
73 37
65 36
65 36
73 36
73 36
73 36
73 68
65 100
73 67
81 67
81 67
73 100
73 68
81 68
81 68
81 69
73 69
73 100
73 100
73 100
65 100
73 68
73 68
73 68
73 36
73 37
73 37
81 69
81 69
81 69
81 100
81 68
81 68
73 68
73 68
65 36
65 36
65 68
65 68
65 68
73 37
81 36
81 36
81 68
81 68
81 36
81 37
73 36
73 36
73 4
80 228
81 4
81 36
81 68
73 68
73 68
73 68
65 68
65 100
65 68
73 35
81 35
81 35
81 36
73 37
73 68
73 68
73 35
73 36
81 36
73 36
73 36
73 4
73 4
73 4
73 36
73 35
73 3
73 3
73 35
73 35
65 35
65 36
65 68
73 36
73 37
73 37
73 36
73 68
73 67
73 67
73 68
73 36
81 36
81 5
81 4
81 4
89 35
81 35
81 36
81 36
73 36
73 4
81 69
73 69
73 37
73 37
65 37
65 37
73 36
73 36
73 36
73 36
73 37
73 37
73 37
73 37
81 37
73 37
73 37
73 37
73 37
73 5
81 37
81 36
81 36
81 36
81 68
81 100
73 68
73 67
73 67
73 67
81 35
73 36
81 36
81 36
81 67
81 34
81 67
81 67
81 36
81 69
81 69
81 37
81 37
81 37
81 36
73 36
65 36
65 35
65 36
73 37
73 37
73 4
81 4
81 36
81 4
81 37
81 37
73 37
73 36
73 35
73 35
81 35
81 35
81 35
73 36
73 36
81 68
73 68
73 99
73 99
81 100
81 100
81 100
81 67
81 67
81 36
89 36
89 4
104 227
89 36
81 69
73 37
81 37
81 5
81 5
81 5
81 5
88 229
96 229
96 229
96 228
89 5
81 4
72 228
72 195
72 228
56 163
56 131
48 130
48 130
48 162
48 194
48 129
48 65
48 97
48 97
48 66
48 66
48 66
48 66
48 98
48 98
48 98
48 98
48 130
48 130
48 130
48 162
48 130
48 163
48 98
40 97
40 98
48 99
48 99
48 99
48 66
48 66
48 98
56 130
56 130
48 130
48 129
48 128
48 96
48 97
48 129
48 97
48 97
48 98
48 97
48 65
48 97
48 97
48 97
56 97
56 97
56 97
56 97
56 97
56 65
56 66
56 66
48 99
48 98
48 98
48 97
48 98
48 97
48 97
40 97
48 97
48 97
56 97
56 97
56 130
56 130
56 130
48 162
48 130
48 131
48 131
56 131
56 163
56 195
64 227
81 3
81 36
81 67
81 67
81 68
81 69
81 69
73 68
73 68
73 68
73 69
73 36
81 36
89 69
89 69
81 68
81 100
81 101
81 101
89 101
81 100
89 35
97 35
105 35
105 36
97 70
89 69
81 37
81 37
81 37
89 69
89 69
89 69
89 70
81 69
81 37
89 68
89 67
89 67
81 67
81 68
81 100
81 68
89 69
89 69
89 36
105 4
89 68
81 68
81 69
81 68
89 67
89 36
89 36
89 36
89 68
89 68
81 68
81 68
81 68
81 68
81 67
81 67
81 67
81 67
73 68
73 68
73 68
73 36
73 68
65 68
65 68
65 36
73 3
81 35
81 35
81 36
81 68
81 68
81 68
81 68
81 68
81 68
81 68
81 68
81 69
81 38
81 38
81 38
89 37
89 37
81 68
81 68
81 68
81 100
81 100
81 68
81 68
81 100
81 100
81 100
81 100
89 100
89 101
89 100
81 99
81 100
81 68
81 36
81 69
73 102
73 102
73 102
73 101
81 69
81 37
73 37
73 37
81 4
73 4
73 4
73 4
73 36
81 36
81 36
81 36
81 36
81 36
81 36
81 36
73 37
73 69
81 101
73 37
73 36
73 35
73 35
73 35
81 35
81 35
81 35
81 36
73 36
73 36
73 36
73 36
73 36
73 37
73 37
73 37
73 36
73 36
73 36
65 3
73 3
73 3
73 36
73 5
81 4
73 4
73 4
65 5
65 36
65 36
65 35
73 35
73 35
73 35
73 35
73 35
65 35
65 67
73 35
73 2
72 226
73 2
72 228
80 230
81 5
73 36
65 36
57 36
57 36
65 5
65 5
65 5
65 5
65 5
65 37
65 4
73 36
73 4
64 227
65 4
65 4
65 5
65 36
65 36
65 36
65 3
65 4
65 4
65 4
64 228
73 4
65 36
57 36
57 36
57 68
57 35
65 35
65 35
65 35
73 3
73 3
73 3
81 35
73 34
73 3
73 4
64 228
64 228
64 228
65 4
65 4
65 36
57 36
57 4
57 4
57 3
49 3
57 3
57 4
57 36
57 4
57 4
65 4
65 4
65 4
65 4
65 4
65 4
57 5
57 5
57 37
57 5
57 4
65 4
64 228
65 4
65 4
65 4
57 4
57 4
57 4
56 228
48 227
48 227
49 3
49 3
END_IMAGE:
