NEW_IMAGE:
40 162
40 162
40 130
40 129
48 129
48 129
48 161
48 161
40 161
40 194
40 194
40 162
40 162
40 162
40 162
40 163
48 131
48 98
48 98
56 130
56 130
56 98
56 98
48 131
48 132
40 132
40 164
40 163
40 163
40 161
48 161
48 162
56 130
56 131
56 131
56 131
56 131
56 131
56 131
56 163
56 130
48 162
48 162
48 162
48 162
56 162
56 163
64 195
64 163
64 131
72 131
64 132
64 99
56 99
64 99
56 130
56 163
48 163
40 163
48 131
48 131
56 162
56 130
56 162
56 161
56 161
56 193
56 194
48 194
56 163
56 163
48 163
48 163
56 163
56 162
56 161
56 162
56 129
56 161
56 162
56 131
56 132
56 131
56 131
56 163
56 162
56 163
56 131
64 131
64 163
64 163
64 163
64 164
64 131
64 131
64 131
64 131
64 163
64 163
64 163
56 163
56 162
56 162
56 162
56 162
56 163
56 163
56 163
56 163
56 163
64 131
64 131
64 131
64 131
64 164
64 131
72 164
64 196
56 195
56 130
64 162
64 162
64 162
56 130
56 162
56 162
56 131
56 132
64 132
64 132
64 164
64 164
56 163
64 163
64 131
64 130
64 130
64 130
64 98
64 98
64 130
64 98
64 98
56 98
56 98
56 131
48 162
56 129
56 129
56 130
56 130
64 131
64 131
64 131
64 131
64 130
64 162
56 162
56 130
56 130
56 129
56 129
56 130
56 130
56 130
56 98
56 130
56 98
56 99
56 99
56 99
56 99
56 98
56 98
56 130
64 98
64 98
72 67
80 66
72 67
64 98
64 98
64 98
56 130
56 162
56 163
64 163
64 131
64 99
64 67
64 99
64 67
64 99
64 99
64 99
64 99
64 98
64 130
64 130
64 130
64 130
64 131
64 98
64 98
64 98
72 66
88 66
72 99
64 131
64 130
64 98
64 98
64 130
64 130
64 130
64 98
64 130
72 130
72 98
64 130
64 98
64 98
64 130
64 98
64 98
64 98
64 98
64 130
64 130
72 161
72 129
72 129
72 129
72 129
72 130
72 131
72 131
72 131
64 131
64 164
64 164
64 164
64 163
64 163
72 131
72 131
64 99
64 99
72 99
72 131
64 131
64 163
64 195
64 162
64 162
72 162
72 129
72 129
72 129
72 130
72 130
72 130
72 130
72 131
72 131
72 131
72 99
72 99
80 99
72 99
72 99
72 99
72 99
72 99
72 99
64 131
64 131
64 131
64 130
64 130
72 130
72 130
72 130
72 130
72 130
72 130
72 130
80 98
80 98
80 130
80 99
72 131
72 132
72 132
72 132
72 132
64 131
64 97
72 130
72 129
72 162
72 162
72 162
72 161
72 129
72 130
72 130
72 130
72 130
72 130
72 130
72 130
72 131
72 131
72 131
64 131
64 131
64 130
64 130
64 162
72 162
72 161
72 193
72 226
72 193
72 225
64 193
64 192
64 193
64 161
64 130
64 131
72 131
72 130
72 130
72 130
72 130
72 130
64 130
64 98
64 98
64 130
64 163
64 131
72 130
72 130
72 130
72 130
72 162
72 130
72 130
72 98
72 130
72 130
72 130
72 162
64 130
64 130
64 130
64 130
64 130
72 130
72 130
72 131
72 131
72 99
72 98
72 130
72 129
72 129
72 130
72 98
72 98
72 98
72 130
72 130
72 130
72 130
64 162
64 162
64 162
64 163
72 162
72 162
72 162
72 162
72 162
72 129
64 130
64 130
64 131
72 132
72 131
72 99
72 131
80 99
80 99
80 131
72 163
80 130
88 98
88 99
80 131
72 163
64 163
72 131
72 131
72 131
72 131
64 163
64 162
64 162
56 162
64 162
64 130
64 130
64 162
64 163
72 163
72 131
72 131
64 163
64 163
64 163
64 131
64 132
64 131
64 131
64 131
64 130
72 130
72 130
80 98
80 97
80 97
72 161
64 162
72 131
80 131
80 99
80 99
72 131
64 131
64 99
72 98
72 130
72 130
72 130
64 130
64 129
64 160
64 161
64 161
64 161
64 161
64 162
64 162
64 161
64 130
64 130
64 130
64 130
64 130
64 130
64 131
64 131
72 131
72 164
64 132
64 66
72 98
72 131
64 130
64 130
64 130
64 130
64 161
64 161
64 161
72 162
72 130
72 130
72 131
64 163
56 163
56 162
56 194
56 161
56 130
64 130
64 129
64 129
64 130
64 130
64 162
64 162
64 194
64 194
64 161
64 162
56 162
56 129
56 130
48 99
48 98
56 66
56 98
56 162
56 162
48 163
56 130
56 162
56 130
64 163
64 130
64 130
64 129
64 129
64 129
64 129
64 129
64 97
64 130
64 162
56 130
56 130
56 130
56 130
64 163
64 130
64 130
64 130
64 162
64 129
64 129
64 129
64 97
64 98
64 98
56 98
56 130
56 162
48 162
56 130
56 130
56 130
56 130
56 130
56 129
56 97
56 129
56 129
56 129
56 129
56 129
56 130
56 130
56 130
56 98
56 98
56 130
56 98
56 98
64 98
64 98
64 98
64 130
56 130
48 130
56 130
56 129
56 128
56 128
56 128
56 129
56 129
56 129
56 129
48 129
48 130
48 130
48 98
48 98
48 98
48 130
48 129
48 129
48 128
48 160
56 128
48 97
48 98
48 99
48 99
56 99
56 99
56 97
56 129
56 97
56 98
48 98
48 99
48 99
56 99
56 98
48 130
48 130
48 130
48 130
48 130
48 98
56 98
56 98
56 130
56 163
56 162
48 161
48 129
48 129
56 129
56 129
56 98
56 97
48 98
48 130
48 98
48 98
48 161
48 130
48 130
40 131
40 98
40 98
48 66
48 97
48 129
48 130
48 98
48 98
48 98
END_IMAGE:
