NEW_IMAGE:
49 4
49 4
49 4
49 4
49 5
49 6
49 6
49 5
49 5
49 5
49 4
49 35
49 35
49 3
57 4
56 229
56 229
57 5
65 5
57 5
57 5
57 4
57 4
57 4
64 228
65 4
65 3
65 3
65 4
73 5
81 38
72 229
72 229
65 5
57 5
57 4
57 5
57 37
57 37
57 37
57 4
57 4
65 36
65 4
65 4
65 37
65 37
65 38
65 70
65 70
57 37
57 36
57 37
57 37
57 37
65 5
65 4
73 5
73 5
73 5
72 228
65 5
57 5
57 5
57 5
65 5
65 4
65 36
65 36
65 36
65 37
65 5
65 37
65 37
65 37
65 38
65 38
65 38
65 37
65 37
65 37
65 37
65 37
65 37
65 37
65 37
57 37
57 37
65 37
65 70
65 37
65 37
65 38
65 38
65 38
65 70
65 70
57 70
57 70
57 70
65 101
65 100
65 99
65 67
65 68
65 69
73 70
73 70
73 70
73 70
65 37
65 37
65 37
65 37
73 69
65 69
65 69
65 69
65 69
57 37
65 37
65 69
65 69
65 37
73 37
73 38
73 38
73 70
73 69
65 69
65 68
65 36
65 36
65 35
65 68
73 36
81 4
73 36
73 36
73 4
65 5
65 37
65 37
65 37
65 5
65 5
65 4
65 36
65 4
65 37
65 37
57 4
65 37
65 5
73 5
73 5
73 5
73 5
73 5
73 37
65 68
73 68
73 68
73 36
73 36
73 36
73 36
81 35
81 4
73 36
73 37
65 37
73 5
65 5
65 5
65 5
65 36
73 36
81 36
81 100
73 68
73 36
65 37
73 37
73 37
73 37
73 37
73 37
73 38
73 38
65 38
65 38
73 37
73 37
73 37
73 37
81 6
81 6
81 6
81 6
81 6
81 6
81 6
73 5
73 38
73 37
73 37
73 37
73 38
65 38
73 38
81 37
89 4
81 69
73 69
73 69
65 69
73 37
73 36
81 37
81 37
73 37
73 37
73 37
81 37
81 38
81 38
81 69
73 69
65 4
73 37
73 69
73 69
73 70
73 69
73 69
81 68
81 68
73 100
73 100
73 100
73 100
81 36
81 37
81 37
81 37
81 69
81 68
73 68
73 68
65 68
65 69
65 37
65 69
65 69
65 69
65 38
73 37
73 37
73 36
73 36
73 69
73 69
81 37
81 37
81 37
81 37
81 37
81 37
81 37
81 37
81 37
89 37
97 5
97 5
89 37
89 36
81 35
81 67
81 99
81 68
81 37
73 4
73 36
73 36
73 37
65 68
65 68
73 36
73 36
81 36
81 69
81 68
81 68
81 68
81 68
81 68
81 68
73 68
81 69
81 36
81 69
81 69
81 69
73 69
73 69
81 69
81 68
81 37
81 37
81 37
81 37
81 37
81 38
81 38
81 38
89 5
81 6
81 37
73 68
73 68
81 68
81 68
81 34
81 35
81 67
81 35
81 68
81 36
81 37
81 37
81 37
81 37
81 37
81 37
81 37
81 69
81 69
89 69
81 37
81 37
73 4
81 36
73 36
73 36
73 5
73 37
73 36
73 36
73 37
81 37
73 38
73 70
73 69
73 37
73 37
81 38
81 5
81 5
81 5
81 5
81 5
73 4
73 35
73 35
73 36
73 68
73 69
81 36
81 67
81 36
73 37
73 69
73 36
81 36
81 35
81 3
81 3
81 4
81 36
73 37
73 37
73 69
73 69
81 69
81 69
81 37
73 36
73 36
73 36
73 68
73 68
73 100
73 68
73 69
73 70
81 70
81 70
81 69
81 69
89 37
89 37
89 37
89 36
89 37
89 38
81 37
81 37
81 69
81 69
81 68
73 68
81 68
73 69
73 37
73 37
73 37
73 37
73 37
73 37
73 36
73 37
73 36
73 68
73 36
73 36
73 36
73 4
73 4
73 4
73 36
73 36
81 4
81 36
81 36
81 36
81 4
73 69
57 36
65 36
65 36
65 36
73 36
73 69
73 37
65 37
65 5
65 4
65 5
65 5
65 5
65 37
73 5
73 36
73 4
81 4
81 4
81 4
73 36
65 36
73 101
65 36
73 36
73 5
73 4
72 228
73 4
73 4
73 4
73 36
65 68
65 68
73 68
73 36
73 36
73 4
65 4
65 4
65 4
65 4
65 5
73 5
73 5
73 5
72 228
73 4
57 36
65 35
65 3
72 228
73 4
72 228
72 228
72 196
80 228
73 3
73 35
73 36
73 4
73 36
65 37
65 37
73 4
73 4
73 3
65 35
65 35
65 36
65 35
65 36
65 36
73 36
73 69
73 36
73 36
73 36
73 35
73 35
73 34
73 35
73 3
65 4
73 36
73 36
73 36
73 68
65 36
65 36
65 36
65 35
65 4
65 4
65 4
72 228
72 227
72 227
72 227
73 3
73 36
65 36
65 36
65 37
65 37
65 37
65 5
65 5
57 36
57 36
57 36
57 36
57 69
57 36
65 3
65 4
65 3
65 4
65 4
57 3
57 36
57 36
57 4
65 4
65 36
64 226
72 226
65 3
57 3
57 4
57 36
65 36
65 36
65 36
65 36
65 36
57 36
57 36
57 36
65 4
65 4
56 228
65 4
57 36
57 37
57 37
57 37
57 37
57 37
57 37
57 37
65 37
65 37
65 37
65 37
65 4
65 3
65 35
65 35
65 5
73 5
72 229
72 229
73 5
65 4
65 4
65 4
65 36
73 36
73 36
73 4
65 4
65 4
57 36
57 36
49 3
49 36
56 227
73 3
73 35
73 35
73 68
73 4
65 4
65 5
57 6
65 6
65 6
65 5
65 4
65 36
65 36
65 36
65 4
65 4
65 4
65 3
65 3
65 3
65 35
65 3
57 35
END_IMAGE:
NEW_IMAGE:
65 36
65 36
65 36
65 36
65 36
65 36
65 36
57 35
57 35
65 35
65 36
65 37
65 37
65 37
65 37
65 69
65 69
65 69
65 70
65 70
65 70
65 70
65 69
73 69
73 69
73 69
81 69
81 69
81 68
81 68
81 68
81 69
81 36
73 36
73 68
81 100
81 100
73 132
73 100
73 133
65 100
65 36
73 68
73 36
81 36
81 68
81 69
73 70
73 101
81 69
81 68
81 100
81 68
89 100
81 68
81 69
73 69
73 69
81 69
81 69
81 36
81 68
73 68
73 69
73 69
73 69
81 69
81 69
81 69
81 68
81 69
81 101
73 102
81 102
81 70
81 70
81 70
81 70
89 70
81 102
81 102
81 101
81 101
81 101
81 101
89 133
89 133
89 134
89 133
89 165
81 133
81 101
81 100
81 101
81 101
81 100
81 100
89 69
89 69
89 69
89 69
81 101
81 101
81 101
81 69
89 101
89 101
89 133
89 165
89 133
89 101
89 100
89 101
89 134
81 102
81 102
81 102
81 101
81 101
81 69
89 69
81 69
89 101
89 102
89 101
89 133
81 133
81 133
81 133
81 101
89 100
89 101
89 100
89 100
89 131
89 99
89 100
89 133
81 133
81 101
81 133
89 133
89 100
89 100
89 132
81 132
81 133
81 101
81 68
81 101
81 102
81 70
81 102
89 70
97 69
89 102
89 101
89 101
81 102
81 102
81 133
81 133
81 101
81 133
81 132
81 132
81 133
81 133
89 101
89 101
89 133
89 133
89 102
89 102
89 101
89 101
89 101
89 101
97 100
97 100
97 101
89 69
89 101
89 101
89 101
97 101
97 101
97 101
89 101
89 133
89 133
89 134
89 134
89 134
89 134
89 102
89 101
89 100
97 101
89 101
89 133
89 133
89 133
89 133
89 133
89 132
97 132
105 100
105 100
97 101
97 133
97 133
97 101
97 101
89 133
89 101
89 101
89 101
89 102
89 134
89 102
89 102
97 101
97 101
97 101
97 101
97 133
105 101
105 101
105 101
105 101
105 133
105 101
105 133
105 134
113 102
113 101
113 133
113 133
113 133
105 133
105 132
97 133
97 133
97 165
89 133
89 165
81 165
81 165
81 165
89 165
89 165
97 134
97 134
105 134
97 134
97 134
97 135
97 166
105 133
105 133
105 101
105 101
105 101
97 101
105 69
105 69
89 133
89 133
89 134
97 166
97 134
97 134
97 102
105 101
113 100
113 132
113 165
113 165
113 166
113 166
113 167
113 134
113 134
113 134
105 102
105 101
97 134
89 134
81 133
81 133
89 133
97 133
105 198
105 165
97 165
97 166
97 134
89 69
97 134
97 134
97 166
97 165
97 165
97 165
105 133
105 100
105 101
105 132
105 132
97 132
105 133
105 165
97 166
97 198
105 166
113 134
121 135
121 102
113 134
113 199
113 199
113 199
113 199
129 167
121 199
129 167
121 200
105 231
121 198
129 166
121 230
121 231
121 232
122 8
121 231
129 198
129 231
121 231
129 231
121 198
121 134
121 165
129 165
137 197
137 197
129 198
129 198
121 166
121 199
121 199
121 199
121 199
113 199
113 231
113 199
113 232
121 232
129 231
137 230
137 230
130 7
114 7
105 166
113 199
113 199
113 199
113 199
113 167
121 167
121 199
121 199
121 199
121 232
121 199
121 166
121 166
121 165
129 165
121 231
113 199
113 198
113 167
129 166
137 166
129 166
113 167
121 200
121 199
113 167
113 198
121 166
129 166
129 198
129 198
129 198
129 198
129 166
129 166
129 166
129 167
121 199
113 231
122 8
113 231
113 231
113 198
113 165
113 197
105 229
105 230
105 231
105 231
113 231
113 199
113 199
113 198
121 198
121 198
121 230
113 230
113 230
113 230
113 230
113 199
113 199
113 199
113 133
113 133
113 165
105 198
105 198
113 198
113 165
113 166
113 166
113 166
113 166
113 166
113 166
113 165
105 197
105 166
105 166
113 166
97 198
89 198
97 133
113 133
105 165
105 165
105 198
97 198
97 198
97 198
105 198
105 198
113 198
113 166
105 166
105 166
105 166
97 133
105 166
113 166
113 166
113 134
105 166
105 134
105 134
105 134
97 166
97 166
105 166
105 166
105 166
97 134
97 165
97 197
105 197
105 165
105 132
113 132
105 165
97 198
97 165
97 133
97 133
97 133
97 133
97 165
97 133
105 133
113 134
113 102
113 102
113 102
113 102
105 102
105 102
113 102
105 199
89 167
89 133
89 134
97 101
97 101
97 101
97 133
97 101
89 101
89 101
89 133
89 133
97 165
97 165
97 133
97 133
89 133
89 133
89 134
89 134
89 166
89 134
89 133
97 133
97 100
89 100
89 100
81 132
89 133
81 101
81 101
81 101
81 101
81 133
81 101
81 101
81 102
81 102
81 102
81 102
81 102
81 134
81 102
81 101
89 69
89 101
89 101
89 70
89 102
89 69
89 101
81 69
89 69
89 69
89 69
89 101
89 101
89 101
81 101
89 101
89 101
97 69
97 69
97 101
89 69
81 101
81 101
81 69
81 101
81 101
81 101
81 101
81 101
89 69
97 36
105 37
105 37
97 37
97 68
89 68
81 101
73 69
73 134
81 101
81 69
89 100
89 68
89 101
81 101
81 101
81 101
81 102
81 101
81 101
73 101
73 101
73 133
65 133
73 133
73 133
81 133
73 101
73 101
73 100
73 100
73 68
73 68
73 69
73 69
81 69
81 68
89 101
89 69
89 69
89 101
89 101
81 68
81 100
81 68
81 101
81 101
81 68
81 68
73 100
65 101
65 69
65 69
73 70
73 69
73 68
73 68
73 67
65 35
73 67
73 67
73 67
73 68
73 37
END_IMAGE:
NEW_IMAGE:
65 69
65 69
57 102
65 102
65 102
65 102
65 134
73 101
81 68
81 68
81 68
81 68
73 69
81 101
73 100
73 100
73 101
81 101
81 69
81 68
81 69
73 102
73 70
73 37
81 69
89 101
89 69
89 70
89 102
81 102
81 102
89 102
89 102
81 134
81 102
81 134
81 134
81 101
81 101
81 101
81 101
81 101
81 69
81 69
81 69
81 102
81 102
81 133
81 133
89 102
89 69
81 69
81 37
81 69
73 69
73 37
89 101
89 166
89 134
89 134
81 134
89 133
89 101
89 101
89 101
89 101
89 101
89 133
81 133
81 133
81 101
81 101
89 134
89 134
89 134
81 166
81 166
81 134
89 134
89 134
89 134
81 134
89 134
81 101
89 134
89 166
89 166
97 165
97 165
97 133
97 134
89 133
89 133
97 133
97 133
97 133
97 166
97 166
97 134
97 166
89 134
89 134
89 134
81 133
81 133
89 165
89 165
89 166
89 166
97 134
97 134
97 134
105 101
113 101
113 101
113 101
113 133
105 133
105 133
97 165
89 165
89 133
97 133
97 133
105 101
105 134
105 102
105 102
97 102
89 166
89 198
89 198
89 166
81 134
81 101
81 100
73 100
81 101
89 101
89 133
97 134
97 135
97 168
97 136
97 167
97 198
97 197
97 197
97 197
97 166
97 198
105 197
113 165
113 165
113 165
113 166
113 134
113 134
113 134
105 135
105 166
105 166
105 134
105 167
97 166
97 198
97 198
97 198
105 198
105 165
105 133
105 165
105 134
105 166
105 166
97 134
105 166
97 166
97 166
97 166
97 198
97 198
97 198
97 166
97 167
97 167
97 166
89 166
97 231
105 199
105 166
113 165
105 164
113 165
113 165
105 166
105 198
105 198
113 198
113 166
113 198
105 199
105 231
105 199
105 231
105 231
105 200
113 168
113 168
113 168
113 167
113 198
113 198
105 199
105 231
97 199
114 7
105 231
113 231
105 199
97 199
97 199
97 166
97 134
105 101
105 101
105 133
105 166
97 166
97 166
97 198
105 166
121 198
121 165
121 165
113 165
105 198
113 133
113 165
113 166
113 166
113 166
113 166
113 166
113 166
105 167
105 199
113 199
113 198
113 198
113 198
121 198
121 166
121 167
121 167
121 135
121 167
105 199
97 231
105 197
121 165
121 199
113 134
105 199
105 231
105 197
113 165
113 166
113 198
113 167
113 199
105 200
105 232
105 231
113 231
113 230
129 165
129 165
121 198
113 198
105 230
113 165
129 133
137 198
129 165
129 165
137 165
137 133
137 133
129 197
113 198
113 230
113 197
113 165
113 165
113 164
113 165
105 197
113 166
105 134
105 199
105 198
113 198
113 230
113 198
105 198
105 198
97 198
97 198
97 166
97 166
105 134
113 166
113 167
113 199
113 231
113 198
113 198
113 198
113 165
121 165
121 134
113 102
121 103
121 134
121 133
113 133
113 165
105 166
97 198
97 198
97 198
105 230
113 165
129 165
130 7
113 198
113 166
113 166
121 134
121 133
121 134
121 133
113 166
113 198
105 198
105 198
105 198
105 166
105 166
113 166
113 134
113 134
105 166
105 166
105 198
105 166
105 167
105 166
97 198
105 230
105 198
105 198
113 165
113 133
121 132
121 132
113 101
113 133
113 133
113 133
113 166
113 167
113 167
113 167
113 167
121 135
113 135
113 166
121 198
113 165
105 165
105 198
113 133
129 100
121 198
105 199
97 167
97 167
105 199
105 167
105 167
113 166
113 165
113 166
113 197
113 230
114 8
122 8
113 231
113 230
113 198
121 198
113 198
105 199
105 199
105 199
105 231
105 199
105 198
105 166
97 166
97 166
97 198
97 199
105 199
105 198
105 198
105 198
105 197
105 198
105 166
105 166
97 197
105 198
113 166
121 134
121 134
121 165
113 197
97 198
105 198
97 166
97 133
97 134
97 166
97 166
97 166
97 166
105 134
113 134
105 134
97 166
105 166
113 133
113 133
113 133
105 166
89 166
81 133
89 166
89 166
89 166
89 166
89 166
89 134
97 166
97 134
97 134
97 134
97 133
97 101
97 165
97 165
97 165
105 101
121 100
121 132
121 100
121 198
97 134
97 101
97 101
105 102
105 101
113 102
105 133
97 133
105 165
97 134
97 134
97 134
97 134
97 134
97 102
97 102
89 134
97 134
97 134
89 134
89 134
97 102
105 69
113 69
113 69
105 69
105 101
97 101
97 132
89 132
89 133
89 133
89 133
89 133
89 133
89 101
81 101
89 133
89 101
89 101
89 100
97 100
97 101
89 101
89 133
89 133
89 164
89 131
89 132
89 100
89 100
89 100
89 100
89 132
89 132
89 132
89 101
89 101
89 101
89 102
89 69
81 70
81 101
89 101
97 68
97 69
97 101
89 101
81 132
81 99
81 99
81 100
81 101
81 70
89 70
89 70
89 101
89 100
89 68
81 69
89 69
81 69
81 69
81 69
81 68
81 68
81 37
81 38
81 70
89 102
89 101
89 69
89 68
89 69
81 69
81 101
81 101
81 101
81 69
73 69
73 101
73 69
81 68
81 100
81 100
81 100
89 100
89 68
89 68
81 68
89 100
81 68
81 69
81 68
81 68
81 68
81 69
81 69
81 69
81 68
81 68
73 101
73 101
73 69
73 68
73 68
73 99
73 99
73 68
73 70
73 101
73 68
73 68
73 68
73 69
73 69
73 69
73 68
73 68
73 67
73 68
73 69
73 68
73 67
73 34
73 67
73 67
73 67
73 68
73 69
73 69
73 70
73 69
81 69
81 37
81 37
89 36
81 37
81 37
81 69
81 69
81 68
81 68
73 68
73 68
73 67
65 67
65 67
65 36
57 37
END_IMAGE:
NEW_IMAGE:
56 227
56 227
56 228
64 228
57 4
57 4
65 4
65 4
65 4
65 4
57 4
56 227
65 36
65 4
65 4
65 4
65 4
65 4
57 4
57 36
57 36
57 36
57 67
65 35
65 3
73 36
65 4
65 5
65 36
65 36
65 68
73 36
73 36
65 36
65 36
65 36
65 36
65 36
65 36
65 4
73 3
73 3
73 3
73 3
73 35
73 36
73 36
73 69
73 37
73 37
81 4
81 4
81 4
73 37
65 37
65 37
73 37
73 37
73 68
81 68
73 68
73 68
65 36
65 36
65 36
65 36
65 36
73 36
73 36
81 36
81 36
81 36
73 37
73 37
73 37
65 37
65 69
65 37
73 36
73 36
73 4
73 37
73 70
65 69
73 69
73 69
73 36
81 4
81 4
81 4
81 36
81 37
73 37
73 37
73 37
73 37
73 36
73 35
73 35
73 67
65 67
65 35
65 35
65 34
65 34
73 34
73 35
81 67
81 67
73 67
73 67
73 68
73 68
73 68
73 36
73 3
73 35
73 35
73 35
73 35
73 36
73 5
73 5
73 4
73 5
73 5
72 229
80 196
88 195
88 227
80 227
81 3
73 3
73 4
73 4
73 4
73 3
73 3
65 4
64 228
72 228
64 228
64 228
72 227
72 227
64 227
73 3
73 36
65 35
73 35
65 3
73 3
80 227
80 227
80 227
81 3
73 3
73 4
73 4
73 4
73 36
73 36
73 36
73 36
73 36
65 4
73 36
73 36
73 3
73 3
73 3
73 34
65 35
65 35
73 3
65 35
65 35
65 35
65 3
65 35
65 35
73 35
73 35
81 3
81 3
81 3
81 3
81 36
81 4
81 36
73 4
73 4
73 4
73 35
73 36
81 3
96 226
97 35
89 35
81 36
81 36
81 4
81 4
81 3
89 3
81 35
73 36
81 37
81 5
73 4
81 36
81 36
89 4
89 4
89 4
81 4
81 36
81 36
81 36
81 4
81 3
81 3
89 2
89 3
89 2
89 34
89 35
89 35
89 35
89 35
81 35
73 36
73 36
73 5
73 4
65 4
73 36
73 67
73 67
73 67
73 99
73 99
73 66
73 67
73 67
73 36
73 4
80 196
96 227
97 4
97 4
89 4
89 36
81 4
81 36
81 3
96 226
89 2
81 35
73 2
81 3
81 35
81 35
81 35
73 35
73 35
73 4
73 4
65 3
73 3
80 227
73 3
73 35
73 35
73 100
65 36
73 35
73 3
73 3
64 227
73 3
65 35
65 35
57 1
65 2
73 2
80 226
73 3
73 3
72 227
72 227
73 3
72 227
73 4
73 3
73 3
65 3
65 2
57 3
65 3
72 227
72 228
72 228
72 228
73 3
65 3
65 3
65 3
65 3
72 227
72 227
81 3
81 3
73 35
65 35
73 35
73 35
73 3
73 3
73 3
73 2
73 34
73 34
73 35
73 35
73 3
73 3
73 4
65 4
65 4
65 4
65 4
73 4
73 37
73 5
73 37
73 5
73 5
73 36
73 35
73 35
73 35
81 3
81 3
73 3
73 3
72 227
72 195
81 3
73 35
73 35
73 3
73 4
73 5
65 36
73 68
73 68
73 68
73 100
81 68
97 67
89 131
81 131
73 99
73 100
73 69
73 68
81 99
73 67
73 68
73 68
73 68
81 36
81 36
81 36
81 35
81 36
81 68
81 68
81 67
81 67
81 36
81 36
81 36
81 36
81 37
81 37
81 69
73 37
81 36
81 36
81 3
81 67
89 99
89 67
89 68
89 68
81 4
89 36
81 68
81 68
89 99
89 67
89 67
89 67
89 35
81 36
81 68
81 37
81 37
81 37
81 37
81 36
73 68
73 68
73 35
73 36
73 36
73 35
73 35
81 68
81 68
81 68
81 68
81 36
81 36
81 36
81 36
73 36
81 68
81 3
80 227
80 228
80 229
80 229
81 5
73 5
65 37
65 37
65 36
65 36
65 3
73 3
73 3
81 3
73 36
73 36
73 36
73 36
73 35
73 35
73 36
73 68
65 36
73 36
73 36
73 36
73 37
73 37
73 5
73 5
73 4
81 4
81 4
81 4
73 4
73 5
73 5
80 229
73 4
73 4
73 3
73 3
65 67
65 67
73 67
73 35
73 35
81 35
81 35
81 35
81 4
81 4
73 4
73 4
72 227
80 227
80 227
80 227
81 3
73 2
73 2
73 35
73 35
73 36
73 36
73 37
73 5
73 4
73 3
65 4
65 4
64 228
64 227
65 4
73 4
73 4
73 4
73 3
73 3
65 3
65 4
65 35
65 35
65 35
65 35
57 35
65 34
65 2
73 34
65 35
65 35
65 35
65 35
65 3
65 3
65 3
65 3
65 3
65 34
65 34
65 35
57 35
57 35
57 35
57 35
65 3
65 4
65 3
73 3
73 3
72 227
72 227
73 3
73 3
73 4
65 4
64 229
73 4
73 3
73 3
72 227
72 227
73 4
73 4
65 4
65 3
65 3
65 3
65 3
65 3
57 3
57 3
57 3
57 35
57 35
57 35
65 35
65 35
65 35
65 35
65 34
57 3
57 3
57 3
56 227
64 227
64 227
64 226
64 226
64 227
64 227
65 3
65 3
64 227
65 3
65 3
65 3
65 3
57 2
57 2
57 2
64 226
56 226
64 227
64 227
64 227
57 3
57 3
57 3
56 226
56 226
56 226
56 226
65 2
65 35
65 34
65 33
65 2
57 3
65 3
65 3
65 35
65 35
65 36
73 36
73 4
64 228
64 227
65 3
65 2
57 2
65 2
65 2
65 3
65 35
65 3
65 3
65 3
65 3
65 3
65 3
65 3
57 3
57 3
57 2
57 3
56 227
48 227
48 228
END_IMAGE:
NEW_IMAGE:
65 37
73 37
73 37
73 37
73 37
65 36
65 68
73 69
65 68
65 68
65 69
73 37
81 69
73 102
65 69
65 69
65 69
73 69
73 37
73 37
73 37
73 37
73 37
73 38
73 38
73 38
73 38
73 70
73 102
73 101
73 102
73 102
73 102
81 70
81 69
81 69
81 101
81 68
81 68
81 68
81 69
73 69
73 102
73 70
73 102
73 102
81 70
81 102
81 101
81 101
81 69
73 70
73 69
73 70
73 102
73 69
81 69
81 69
81 69
81 69
89 69
89 69
89 70
81 102
81 102
73 5
81 69
81 68
81 101
81 101
81 101
89 101
89 133
89 101
89 101
89 69
81 69
81 69
81 69
81 69
81 101
81 101
81 101
81 101
81 101
81 102
81 102
81 102
81 102
89 70
89 101
81 101
81 102
81 103
89 71
89 103
89 103
89 70
89 70
89 70
89 69
89 101
81 101
81 133
81 101
81 101
81 101
81 134
81 166
81 166
81 166
89 134
97 101
97 166
89 134
89 134
81 134
89 134
89 102
89 69
89 69
89 70
89 70
81 70
81 70
81 103
81 103
81 70
97 70
89 102
89 134
89 134
81 134
81 134
81 102
81 102
81 101
89 101
89 101
89 101
89 101
89 101
89 101
89 101
89 101
89 101
81 101
81 102
81 102
89 134
89 102
89 102
89 133
89 165
89 101
81 70
81 102
97 101
105 36
97 3
105 35
105 133
89 100
81 101
81 101
81 102
81 134
81 133
89 133
89 133
89 133
89 101
89 101
97 101
97 70
89 103
89 134
81 101
81 100
81 100
89 68
89 101
89 101
89 101
89 69
89 102
89 102
89 102
89 102
89 102
89 102
89 102
97 101
89 101
89 134
97 102
89 134
97 101
105 69
105 102
97 102
97 102
105 70
97 69
105 101
97 132
97 133
89 133
89 133
89 133
89 133
89 133
89 133
89 101
89 101
89 101
81 102
81 102
81 102
81 101
81 102
81 69
89 70
89 102
97 70
97 103
97 102
105 70
105 70
113 70
105 70
105 102
97 134
97 134
89 134
97 134
97 166
89 134
89 134
89 133
97 133
97 133
97 100
97 68
97 100
97 100
105 69
105 69
113 37
105 70
97 134
97 133
105 101
105 101
113 101
97 102
89 134
97 133
105 100
105 100
97 132
97 132
97 132
105 133
105 133
105 101
105 69
105 69
105 101
97 102
97 134
97 134
97 134
97 135
89 135
97 102
105 102
105 167
105 166
113 134
113 69
105 36
105 69
113 102
113 101
113 101
113 101
105 133
97 133
105 69
113 69
113 69
121 69
121 101
113 101
113 69
113 37
113 37
105 69
105 70
97 102
105 102
105 102
113 70
113 69
113 102
105 134
105 134
105 101
105 133
105 133
105 133
105 101
105 133
97 133
97 133
89 133
89 134
89 102
97 102
97 69
97 101
89 101
97 35
113 68
121 100
129 68
113 133
97 166
97 166
97 166
97 166
97 166
97 133
105 133
105 133
105 101
105 101
105 101
97 101
97 101
89 133
89 133
89 133
81 102
81 102
81 102
89 69
105 69
105 102
105 102
97 135
89 135
89 102
89 134
97 134
97 134
97 134
105 166
97 166
97 165
97 133
97 133
97 133
89 133
89 134
89 102
89 134
89 134
97 103
97 102
97 102
97 101
105 133
105 133
97 165
97 165
97 133
97 133
97 133
97 134
105 134
97 102
97 134
97 134
97 133
97 134
97 134
97 134
89 134
89 166
89 166
89 135
89 103
89 103
89 135
97 102
97 101
105 101
105 133
105 133
105 133
105 132
105 132
105 133
105 134
105 134
105 135
97 135
97 134
97 134
97 101
89 101
97 37
113 68
113 69
105 101
105 101
97 133
97 133
97 133
97 133
105 134
105 134
97 102
89 134
89 134
97 101
105 101
105 134
105 133
105 102
105 101
105 69
105 68
105 69
97 101
97 102
89 101
97 70
97 69
97 101
97 101
89 133
89 133
89 101
89 101
89 101
89 69
89 69
89 101
89 101
89 102
89 102
81 134
81 134
89 134
89 133
89 101
97 102
97 102
97 70
97 69
89 101
89 101
89 101
97 69
89 102
89 102
89 102
89 102
89 69
89 102
89 69
89 69
89 69
97 69
97 101
89 101
89 101
97 69
97 101
97 101
89 101
89 101
89 69
89 69
89 69
81 69
81 69
89 69
89 69
89 69
89 37
105 36
105 36
105 36
105 35
105 35
97 35
97 36
89 69
89 69
89 69
89 69
81 69
81 36
81 68
81 36
81 36
81 36
81 37
81 37
81 37
81 69
81 68
89 69
89 69
89 69
97 36
105 36
97 4
97 4
89 4
81 36
81 68
81 68
81 68
89 68
81 67
81 67
81 68
81 68
81 36
81 36
81 68
81 68
81 69
81 69
73 69
65 69
65 37
73 37
81 5
81 4
73 36
65 36
73 35
81 3
81 4
89 4
81 37
81 69
81 68
81 68
81 68
81 37
73 37
73 37
73 36
73 36
73 36
81 36
73 68
81 68
73 68
73 69
73 69
73 69
81 37
81 36
81 36
73 4
73 36
81 36
81 68
81 68
81 35
81 35
73 68
73 68
73 35
73 35
73 35
73 36
73 37
73 5
65 37
65 37
65 4
73 36
73 36
73 68
73 36
73 36
73 36
73 3
73 3
73 36
73 37
65 36
73 36
65 37
73 37
73 37
65 37
73 5
73 4
65 4
65 4
73 4
73 4
81 36
73 37
73 37
73 36
73 36
73 36
73 36
73 36
73 36
73 36
73 35
65 35
65 35
65 36
65 36
65 37
65 37
65 5
73 37
73 4
73 4
73 4
73 3
73 3
73 3
73 3
73 3
73 36
END_IMAGE:
NEW_IMAGE:
56 228
56 228
65 5
57 4
49 36
49 36
49 4
57 4
57 4
57 4
57 4
57 36
57 37
57 37
65 37
65 6
65 5
64 229
64 229
65 5
57 5
57 5
65 4
65 36
65 36
65 36
65 4
65 4
65 4
65 5
65 4
65 4
65 5
65 38
65 38
65 37
65 37
65 36
65 37
57 37
57 37
57 37
65 5
65 5
65 5
65 5
65 37
65 38
65 38
65 38
73 5
73 37
73 37
65 38
65 38
65 70
65 70
65 70
73 70
73 69
73 70
73 38
81 37
73 36
73 36
73 36
73 36
65 37
65 68
65 36
65 36
65 68
57 69
65 69
65 37
65 38
65 38
65 5
73 37
65 37
65 69
73 70
73 70
73 70
73 70
73 70
73 70
73 70
73 38
81 38
81 5
81 70
73 38
73 38
73 37
65 37
65 37
65 37
65 37
65 37
65 38
65 38
65 38
65 38
65 37
65 69
65 69
65 69
73 69
65 69
65 101
65 69
65 70
65 38
65 37
73 6
73 5
65 37
73 37
73 37
73 37
73 38
73 38
73 38
73 70
65 70
73 70
73 102
73 103
73 71
81 38
81 37
81 37
81 37
81 37
73 69
65 69
65 37
57 37
48 228
57 36
57 68
65 68
65 68
65 68
65 36
65 36
65 36
65 36
73 36
73 36
73 4
81 4
81 5
80 229
80 229
73 5
72 228
73 4
73 35
73 35
73 68
65 68
73 36
73 36
73 36
73 37
73 37
73 37
73 37
65 69
65 69
65 68
65 68
65 68
73 36
65 37
65 5
73 5
65 37
65 69
65 69
65 37
65 37
65 37
65 36
65 36
73 37
65 37
65 37
65 37
65 36
73 37
73 70
73 70
73 38
81 37
89 37
89 37
81 37
73 36
73 68
73 69
73 69
73 70
73 70
73 70
73 38
73 38
73 70
65 103
65 103
73 102
73 103
73 69
65 68
65 68
73 68
73 69
73 69
73 68
73 68
65 68
65 35
73 35
73 3
81 5
81 6
81 6
81 6
81 38
81 37
73 37
73 37
73 69
81 37
81 37
81 69
81 69
81 69
81 69
73 36
73 37
73 37
73 37
73 37
73 37
73 37
73 4
81 5
81 5
81 6
81 5
81 5
81 5
81 5
81 37
81 36
73 36
73 37
73 36
73 68
73 68
73 68
81 68
73 69
73 69
73 37
73 38
73 37
81 37
89 70
81 37
81 37
81 36
81 36
81 36
73 68
73 68
73 36
73 37
73 37
73 37
73 37
65 36
65 68
73 68
73 68
81 36
81 36
81 37
81 37
81 69
81 69
81 69
81 68
81 68
81 36
89 4
89 4
89 3
81 67
73 100
65 100
65 100
65 68
73 69
81 70
81 70
81 5
80 229
80 229
81 5
73 5
73 5
73 4
73 4
73 36
73 36
73 36
73 36
73 36
73 36
73 36
65 36
65 35
65 36
65 36
73 37
81 37
81 37
81 5
81 36
81 36
73 68
81 68
81 36
81 36
81 4
81 4
81 4
73 37
65 37
65 5
65 5
72 229
80 228
81 5
73 37
73 69
73 69
73 69
73 69
73 37
73 37
73 37
73 36
73 37
81 37
73 37
73 5
73 37
73 37
73 4
81 4
81 37
81 37
81 36
81 37
81 37
81 37
81 37
81 37
81 38
81 38
73 38
73 38
73 37
73 5
73 5
73 37
73 37
73 69
73 69
73 69
81 69
81 69
81 37
81 37
81 37
81 4
73 36
73 36
73 4
73 36
81 69
81 68
81 68
89 69
89 36
89 36
89 5
81 37
81 37
81 37
73 37
73 37
73 37
81 5
81 38
81 37
81 38
81 37
81 37
81 37
81 37
81 38
81 38
81 70
81 37
73 37
81 69
73 37
73 37
81 37
73 37
73 37
73 5
73 37
73 37
73 37
73 37
89 37
89 36
81 4
72 228
73 5
73 6
73 37
73 5
73 5
73 5
73 37
73 37
73 37
65 37
57 69
57 37
57 5
64 228
72 228
72 228
73 4
73 4
64 228
64 228
65 37
65 102
65 69
65 37
65 5
65 37
65 37
65 37
65 37
65 37
65 36
65 37
65 37
65 37
73 37
73 5
64 229
72 229
72 229
73 5
72 229
72 229
73 4
73 3
73 3
81 35
81 4
81 37
73 37
65 38
65 38
73 5
73 5
73 5
65 5
65 4
65 4
65 4
73 4
73 4
73 4
65 3
65 4
65 4
65 4
65 4
56 228
57 4
57 4
57 5
65 5
57 5
57 5
56 229
56 229
64 228
64 228
65 4
65 4
65 37
65 4
65 4
64 228
64 196
72 196
64 197
64 229
64 229
64 228
65 4
57 4
56 228
56 228
56 228
57 4
56 228
64 228
56 228
49 4
48 195
56 227
56 228
65 4
65 4
65 3
65 3
57 4
56 228
56 228
56 228
56 228
56 228
56 228
56 228
56 227
56 227
49 3
49 3
48 227
48 227
48 227
56 195
56 227
56 227
57 3
56 227
57 4
56 228
64 228
65 4
57 3
57 3
56 228
56 229
56 229
56 229
56 229
56 228
56 228
57 3
57 4
49 4
49 4
49 4
49 4
49 5
49 5
49 4
49 5
57 37
57 4
57 4
57 3
57 4
57 4
56 228
56 228
56 228
56 228
49 4
49 4
57 4
57 4
57 5
57 5
57 5
64 229
64 196
56 228
56 228
56 228
48 228
57 4
57 4
57 5
57 5
48 228
56 228
64 228
65 36
49 36
49 4
49 4
49 4
49 3
49 4
49 4
40 227
48 227
48 227
48 227
48 227
56 196
56 197
56 196
56 228
56 228
48 228
48 228
48 228
48 228
48 228
48 228
48 228
END_IMAGE:
