last fall found
last fall found
last fall found
last fall found
last fall found
NEW_IMAGE:
42 73
50 106
50 106
50 139
50 106
50 138
58 138
58 138
58 138
58 138
58 107
58 139
58 139
58 139
58 139
58 139
58 171
58 139
58 139
58 139
58 171
58 171
58 171
58 170
66 171
66 172
66 172
58 172
66 172
66 172
66 172
66 172
74 204
66 172
66 172
66 171
66 171
66 172
66 171
66 204
66 204
66 204
66 204
74 204
74 204
74 204
74 204
74 236
74 204
74 204
74 204
74 236
74 236
74 237
74 204
74 204
74 236
74 204
74 236
74 236
74 236
74 236
74 236
74 236
74 236
82 236
83 12
82 236
83 12
75 12
83 13
83 12
83 12
83 12
82 236
83 13
83 13
82 237
83 13
83 13
83 13
83 13
83 44
83 44
83 45
83 13
83 13
83 13
83 13
83 13
83 45
83 45
83 46
83 45
83 45
83 45
91 78
83 46
91 45
83 77
83 77
83 78
83 78
83 78
83 77
83 45
91 78
83 78
91 78
91 45
91 45
91 45
91 45
91 77
91 45
91 45
91 45
99 78
99 45
91 45
91 45
91 46
91 46
91 45
91 78
83 78
83 110
91 78
91 78
91 78
91 77
91 78
91 78
91 78
91 78
91 78
91 78
91 78
91 46
99 78
91 78
91 78
91 78
91 78
91 78
99 78
99 78
99 45
99 77
99 78
99 78
99 78
99 78
99 78
99 78
99 78
99 78
99 78
99 78
99 78
99 78
99 78
99 78
99 78
99 78
99 78
99 46
99 46
99 46
99 46
99 78
99 78
99 78
99 45
99 77
99 77
99 77
99 77
107 77
99 45
99 45
99 45
99 77
99 109
99 45
115 47
90 44
89 200
73 103
64 196
80 230
80 198
88 165
80 101
88 133
88 133
88 101
80 101
88 101
88 100
88 133
88 100
88 100
88 100
80 132
80 132
80 132
88 100
88 100
88 100
88 100
88 100
88 100
88 100
88 68
88 101
88 100
96 69
88 101
88 101
80 100
80 100
80 100
80 100
88 68
88 100
88 100
88 100
88 100
88 101
96 36
88 68
96 68
88 100
88 100
88 101
80 132
80 132
80 100
80 133
88 100
88 101
88 100
88 100
88 101
88 101
88 101
88 101
80 132
80 132
80 132
80 133
80 132
80 100
88 100
88 100
88 100
88 100
88 100
88 100
88 100
88 100
80 100
88 100
88 68
80 100
80 100
80 100
80 100
80 68
80 100
80 100
80 68
80 68
80 100
80 68
80 68
80 68
80 68
80 68
72 100
80 68
80 68
80 68
80 36
80 68
80 36
80 36
80 68
72 68
72 36
72 68
72 68
72 68
72 67
72 67
72 67
72 67
72 35
72 35
72 67
72 67
72 68
72 67
72 100
72 99
72 99
72 100
64 99
64 99
64 99
64 67
72 67
72 67
64 99
64 67
64 67
64 67
64 99
64 66
64 99
64 67
64 66
64 67
56 34
56 66
56 66
56 66
56 67
56 67
48 67
48 34
56 35
56 67
48 66
48 66
48 66
48 66
48 33
48 66
40 66
48 98
40 66
40 66
48 66
48 66
48 66
48 66
48 34
48 34
48 66
40 66
40 66
40 66
40 66
32 98
40 98
32 66
32 129
32 97
32 97
32 98
32 98
32 98
32 98
32 67
32 98
24 130
24 129
16 97
24 98
16 98
16 98
16 98
16 97
16 98
16 97
16 97
16 97
16 98
16 98
16 98
16 97
16 130
16 130
24 130
24 130
16 163
24 163
24 195
24 195
32 227
33 4
33 4
33 37
33 69
33 102
41 103
41 103
49 134
49 135
57 168
57 168
57 199
57 199
58 8
58 40
58 41
66 74
66 42
66 42
66 42
66 74
66 74
66 106
66 138
66 106
66 138
66 139
66 139
74 139
74 139
82 139
74 139
74 138
82 171
82 139
74 171
74 171
74 171
74 171
82 171
82 171
82 171
82 171
82 171
82 203
82 203
82 171
82 171
82 171
82 171
82 171
82 171
82 171
82 171
82 171
74 171
74 171
82 203
74 171
74 171
82 171
74 203
82 171
82 203
82 171
74 139
82 171
82 139
82 171
74 139
74 139
82 171
82 171
82 172
82 172
74 172
74 171
74 171
74 171
74 171
74 171
74 171
74 171
74 139
74 171
74 171
74 171
66 139
74 139
74 139
66 171
74 139
74 139
66 139
66 139
74 139
74 139
66 138
74 138
66 139
66 138
66 171
66 139
74 171
66 138
66 139
66 139
66 139
66 139
66 139
66 139
66 139
66 138
66 138
66 138
66 106
66 106
66 139
66 139
66 139
66 138
66 139
66 138
66 138
66 106
66 106
66 106
66 106
66 106
66 106
58 106
58 106
58 106
58 106
66 106
58 106
58 138
58 107
66 106
66 74
66 74
66 74
66 73
66 73
66 74
58 74
66 106
58 106
58 74
58 106
58 106
58 106
58 74
58 74
58 74
58 73
58 73
58 41
58 41
58 41
58 41
58 41
66 73
58 41
58 41
58 41
66 74
58 42
58 74
50 42
58 42
58 42
58 41
58 41
58 41
58 41
58 73
50 41
58 41
58 41
58 73
50 41
58 41
50 41
50 41
50 41
50 41
50 41
50 9
50 41
50 41
50 41
50 41
50 41
50 41
50 9
50 9
50 9
50 9
50 8
58 8
49 232
50 8
41 232
50 8
50 8
50 8
49 232
50 8
50 8
50 8
49 232
49 231
49 231
49 231
49 231
49 231
49 231
49 231
41 232
41 232
49 232
41 231
41 232
41 232
41 231
41 232
41 232
41 232
41 200
41 232
33 232
33 231
33 199
41 199
41 200
41 200
33 200
41 200
41 167
41 167
41 200
41 199
41 199
41 199
41 199
41 167
41 199
END_IMAGE:
