NEW_IMAGE:
66 40
66 72
74 72
66 72
74 72
74 71
74 71
74 72
74 72
74 72
74 104
74 72
74 72
74 104
74 72
74 72
74 105
74 104
82 72
74 72
74 105
74 104
74 104
74 72
74 105
82 105
82 72
74 72
82 105
82 105
82 105
82 105
82 105
82 105
82 105
82 105
82 105
82 104
82 104
82 105
82 104
82 104
82 137
82 137
82 137
82 105
82 137
90 137
90 105
90 137
90 137
90 137
90 137
90 137
98 137
90 137
90 137
90 137
90 170
90 137
90 137
90 170
98 137
90 137
90 137
90 169
90 169
90 169
90 170
90 170
90 202
90 169
98 169
90 169
98 170
98 170
98 170
98 170
98 169
98 169
90 201
90 201
90 202
90 236
74 138
40 225
49 2
98 201
90 169
90 137
90 105
90 203
74 138
57 98
73 131
90 169
99 11
98 202
106 202
98 201
106 202
98 202
98 234
98 234
98 234
98 234
98 234
106 202
106 234
98 234
106 202
98 202
98 202
98 202
98 234
98 234
98 234
98 234
98 202
106 234
98 202
98 202
98 202
98 202
98 202
98 234
98 234
98 202
106 234
106 234
106 202
106 202
106 202
106 202
98 202
106 234
98 234
98 234
98 234
98 234
106 202
106 233
98 234
106 202
106 234
98 202
98 234
98 234
107 10
98 233
106 202
106 202
106 202
106 202
106 202
106 202
106 234
106 202
106 202
106 233
106 234
106 201
98 202
98 202
106 202
98 202
106 234
98 234
98 202
98 234
98 234
98 234
98 234
98 202
106 202
106 201
106 201
114 234
114 169
114 169
114 169
114 201
106 201
106 201
114 234
106 202
106 201
106 201
106 234
106 234
106 234
106 234
106 234
106 234
106 234
106 234
106 234
106 234
106 234
106 233
106 201
106 233
106 234
106 234
106 234
106 234
114 233
106 233
106 233
106 234
115 10
106 233
106 234
106 201
106 201
106 201
106 234
106 234
106 234
106 234
106 234
106 234
114 234
106 201
114 202
114 201
114 202
114 234
106 234
106 234
106 234
115 10
115 10
106 234
114 234
114 234
106 234
114 234
115 10
115 10
114 234
114 234
114 233
114 234
114 233
114 233
114 233
114 233
114 233
114 233
115 10
106 234
115 10
115 10
115 10
115 10
115 9
115 10
115 10
115 10
115 10
115 10
114 234
114 234
114 234
114 234
106 233
114 234
114 234
114 233
114 202
114 202
106 170
114 202
106 169
106 169
106 201
106 169
106 201
98 169
98 169
98 169
106 137
98 137
98 136
98 136
98 104
98 104
98 104
98 104
98 104
90 106
90 41
65 68
57 3
65 165
82 6
82 39
74 7
82 7
73 199
57 133
66 6
66 39
66 7
66 8
66 7
66 7
65 231
65 231
65 231
73 231
73 199
65 199
57 231
57 230
57 231
66 40
66 8
66 40
66 8
66 8
66 9
66 8
66 8
66 8
73 232
74 40
74 40
74 40
66 40
66 8
74 9
65 232
57 168
57 200
57 232
49 233
58 9
49 233
49 233
49 234
41 201
41 201
41 201
41 169
41 201
41 201
41 201
41 169
41 201
41 168
41 201
41 201
41 201
41 202
41 201
41 201
41 201
41 201
49 201
49 201
41 201
41 201
41 201
41 201
41 201
41 201
41 200
41 200
41 201
41 200
33 200
41 201
41 201
41 201
41 201
41 201
41 201
41 201
41 201
41 201
41 201
49 234
41 201
41 202
41 234
41 234
41 233
41 202
41 201
41 202
41 233
41 233
41 233
41 201
41 201
41 201
41 201
41 200
41 201
41 234
41 202
41 202
41 202
41 202
41 202
49 234
50 9
50 76
50 107
58 41
66 10
57 234
49 233
49 200
41 201
41 200
41 233
41 233
41 233
41 233
49 233
41 233
49 233
49 233
49 234
50 10
49 233
50 9
50 10
50 10
50 10
49 234
58 11
49 234
49 234
50 10
50 10
50 10
49 234
50 10
50 10
50 10
50 10
50 10
50 10
42 10
50 9
50 9
50 9
50 9
49 233
49 233
49 233
41 233
41 233
41 233
33 200
41 201
41 201
41 169
41 169
41 169
41 168
41 168
41 168
41 169
41 169
41 169
33 168
33 201
33 169
33 200
33 168
33 168
33 168
41 169
33 169
33 169
41 169
33 169
33 201
33 200
41 232
41 233
34 10
33 233
50 73
50 106
66 106
66 138
66 139
74 139
90 171
99 12
99 12
90 235
82 203
82 203
99 44
115 206
115 141
107 75
82 138
66 41
41 233
41 167
41 200
33 168
41 167
41 168
33 168
33 168
33 135
33 135
33 103
33 135
33 135
25 135
33 135
25 103
25 103
25 103
33 103
33 103
25 102
25 103
25 71
33 71
33 71
25 71
25 103
25 103
25 102
25 102
25 102
25 71
25 71
25 71
25 70
25 70
25 70
17 38
25 70
17 70
25 70
25 70
25 38
25 70
25 38
25 38
25 70
25 70
25 70
25 70
25 70
25 38
25 38
25 38
25 38
25 38
25 38
25 70
17 70
17 70
25 70
17 70
17 70
17 70
25 38
25 38
17 38
25 70
25 70
25 69
25 70
33 102
33 38
25 70
25 70
25 70
25 70
17 70
17 70
17 70
17 70
17 37
25 38
25 38
25 38
25 37
25 37
25 37
25 70
25 37
25 70
25 69
25 70
25 70
25 70
25 70
33 70
33 70
33 70
33 70
33 70
33 103
33 102
33 70
41 70
41 70
33 102
41 166
41 166
41 134
41 134
41 102
41 134
41 134
41 102
41 134
41 133
33 101
25 100
33 69
33 37
33 6
25 5
25 38
25 38
25 70
25 135
25 136
33 135
33 168
25 167
33 168
25 167
25 135
END_IMAGE:
NEW_IMAGE:
33 201
33 200
33 201
33 201
33 201
41 233
41 200
41 233
41 201
41 233
41 201
41 233
41 233
41 234
49 234
41 234
41 234
41 234
42 10
41 234
42 10
41 234
50 10
50 9
58 10
58 10
49 234
58 11
58 11
58 11
66 11
66 43
66 11
58 12
58 12
58 12
58 43
50 10
49 234
50 10
50 11
49 234
50 11
50 10
50 11
50 43
42 43
50 42
50 43
58 43
50 43
50 43
50 43
50 43
50 11
58 43
50 43
50 43
50 43
50 44
58 43
50 43
50 44
50 44
50 43
50 43
58 43
58 44
58 44
58 44
58 76
58 76
58 108
58 43
66 75
66 108
74 141
74 174
82 206
74 237
83 14
83 15
83 78
83 143
83 143
83 144
83 111
83 111
91 112
83 79
83 79
83 144
83 144
83 144
83 113
75 81
75 81
75 81
75 80
83 80
82 240
82 207
74 206
66 174
74 142
74 109
74 141
74 109
74 141
66 109
74 141
74 140
82 172
82 205
90 205
90 206
82 206
74 173
74 173
74 173
82 173
82 205
82 204
82 205
82 204
82 205
74 205
74 172
82 172
82 206
83 46
82 172
82 140
82 172
74 140
74 173
74 141
74 175
82 143
74 79
74 110
66 109
66 77
66 77
66 109
58 109
58 108
58 109
58 141
66 142
66 77
66 44
66 43
66 11
66 11
66 11
66 11
66 11
65 235
66 11
65 234
66 10
66 10
58 9
58 10
58 10
58 10
58 11
58 10
57 234
57 234
57 234
57 234
65 234
65 234
65 234
58 10
66 10
66 9
58 9
58 9
58 9
58 9
58 9
58 10
58 10
58 10
58 43
58 43
58 11
58 11
58 11
58 11
58 10
58 11
58 11
58 11
58 11
58 11
58 11
58 11
58 11
58 11
58 43
58 43
58 43
58 43
58 11
66 11
66 11
66 11
66 11
66 10
58 42
58 43
58 11
58 42
66 42
66 11
66 43
66 43
58 43
58 75
58 42
66 75
74 43
74 75
74 75
74 107
82 108
82 108
90 140
90 140
90 140
90 172
90 172
90 172
90 172
82 172
82 171
82 171
90 172
90 172
90 140
90 140
82 172
82 171
82 171
82 171
90 204
90 204
90 172
98 139
90 106
90 74
90 106
90 76
82 76
82 140
98 206
98 174
98 237
91 13
107 79
107 47
107 48
99 47
107 48
107 48
107 15
107 47
107 79
107 47
107 79
99 47
107 79
99 47
99 15
99 79
99 79
99 78
107 79
107 48
98 238
99 79
99 47
107 79
107 79
107 47
99 15
107 47
99 15
107 48
107 80
107 80
107 80
99 79
107 79
99 47
99 80
99 111
99 111
99 112
99 80
99 111
99 112
99 80
107 48
107 48
99 80
99 112
107 80
107 80
107 79
107 79
107 79
107 79
107 80
107 80
99 80
99 112
107 145
99 80
107 80
99 79
107 79
107 79
107 80
99 112
99 80
99 112
99 112
107 111
107 112
107 80
107 80
107 80
107 48
107 112
99 79
107 111
107 79
107 80
107 112
107 112
99 80
107 113
107 80
107 80
107 80
107 112
107 112
107 112
107 80
107 80
107 113
107 80
107 112
107 145
107 113
107 112
107 112
99 113
99 80
99 112
99 80
99 80
99 80
99 112
107 112
107 112
107 112
115 144
107 144
99 112
99 80
107 112
107 80
107 112
99 111
107 112
99 113
107 144
107 112
107 112
99 80
99 112
99 80
107 112
107 144
107 112
107 111
107 79
107 111
115 111
115 112
107 79
107 79
107 79
107 111
107 79
107 79
107 79
107 79
107 79
107 79
107 112
107 80
99 47
107 80
107 80
107 80
107 80
107 80
99 81
99 113
99 113
91 113
91 145
91 113
107 146
99 113
99 113
99 81
91 81
91 81
99 114
91 49
107 113
99 113
91 113
91 113
99 112
99 80
99 80
99 81
99 81
99 81
91 81
99 49
91 81
91 81
83 49
83 81
83 81
83 81
83 81
83 81
83 81
91 49
91 48
91 48
91 16
91 49
91 81
91 49
91 49
83 49
83 49
83 49
75 81
75 48
75 48
83 48
83 48
83 49
83 16
83 16
83 17
83 17
83 16
83 16
82 239
82 240
82 239
83 16
83 16
82 239
74 239
74 239
82 239
82 239
83 15
82 239
90 239
82 206
82 206
82 206
82 205
74 205
74 173
74 109
82 139
74 106
74 73
74 73
74 42
74 43
82 105
82 167
41 227
25 226
1 227
1 226
2 3
1 227
1 226
1 227
1 227
1 226
1 226
1 226
1 226
1 226
1 226
1 226
1 226
1 226
2 2
1 226
1 226
1 226
1 226
2 2
2 2
2 2
2 2
1 226
1 226
1 226
1 194
1 194
1 194
1 194
1 194
1 194
1 226
1 226
1 226
1 225
1 225
1 225
1 226
1 193
1 193
1 162
1 194
1 194
1 194
1 194
1 193
1 225
1 225
1 225
1 225
1 225
1 194
1 193
1 193
1 194
1 193
1 193
1 193
1 193
1 193
1 193
1 193
1 193
1 193
1 194
1 193
1 193
1 194
1 193
1 193
1 193
1 193
1 193
1 193
1 194
1 194
1 194
1 194
1 193
1 193
1 193
1 193
1 193
1 162
1 162
1 162
1 162
1 161
1 193
1 193
1 193
1 161
1 161
1 162
1 162
1 162
1 162
1 162
1 162
1 162
1 162
1 162
1 162
1 162
1 162
1 162
1 162
1 162
1 162
1 162
1 162
1 162
1 162
1 194
1 161
1 194
1 162
1 162
1 162
1 162
1 162
1 162
1 163
1 162
1 163
1 163
1 130
1 162
1 194
1 193
1 161
1 161
1 162
1 194
1 161
END_IMAGE:
NEW_IMAGE:
42 179
50 178
58 178
50 210
50 242
50 243
51 19
50 243
51 19
50 242
50 242
58 243
59 19
58 243
58 243
58 243
58 243
59 19
59 19
51 19
59 51
51 19
59 51
59 19
67 19
59 19
59 51
59 19
67 19
59 52
59 83
67 52
67 84
67 52
67 20
67 20
75 53
75 85
67 52
67 83
67 52
67 53
67 53
67 85
75 117
67 52
75 84
75 85
75 85
75 117
75 85
67 84
75 85
75 85
75 85
75 117
75 84
75 84
75 117
75 117
75 117
75 85
83 117
75 116
75 116
75 117
75 117
75 117
75 117
75 116
75 116
83 116
83 115
91 149
83 117
83 117
83 149
83 149
83 150
75 149
83 149
83 180
75 148
83 149
83 149
83 117
91 117
91 117
91 150
83 117
83 117
83 149
83 150
83 149
83 213
75 214
75 214
83 247
83 215
83 215
83 215
83 215
75 215
83 215
83 215
91 248
91 184
83 151
83 215
83 183
83 215
83 215
75 247
75 248
75 216
75 248
75 248
76 24
75 215
83 215
83 183
83 215
83 215
75 183
83 216
83 248
75 248
84 24
75 247
75 247
83 248
91 183
91 183
83 184
75 185
67 151
75 183
75 183
67 215
67 151
75 183
75 216
83 183
75 183
75 215
67 183
67 183
60 122
44 186
35 15
2 75
2 102
2 135
2 167
2 135
2 135
2 134
2 134
2 134
2 134
2 166
2 134
2 134
2 134
2 134
2 134
2 134
2 102
2 134
2 134
2 134
2 102
2 133
2 133
2 134
2 133
2 134
2 134
2 134
2 134
2 134
2 133
2 133
2 133
2 134
2 133
2 166
2 134
2 134
2 134
2 134
2 165
2 166
2 166
2 134
2 134
2 134
2 134
2 167
2 134
2 166
2 134
2 166
2 166
2 166
2 166
2 166
2 166
2 166
2 166
2 166
2 166
2 166
2 166
2 166
2 134
2 166
2 166
2 166
2 134
2 166
2 167
2 167
2 166
2 166
2 134
2 134
2 167
2 166
2 166
2 166
2 166
2 166
2 198
2 198
2 198
2 198
2 166
2 166
2 166
2 166
2 166
2 198
2 166
2 166
2 198
2 166
2 166
2 166
2 198
2 166
2 166
2 166
2 167
2 198
2 198
2 199
2 199
2 199
2 198
2 198
2 198
2 198
2 166
2 198
2 198
2 198
2 198
2 198
2 198
2 198
2 199
2 199
2 199
2 167
2 167
2 199
2 199
2 199
2 166
2 199
2 198
2 230
3 8
3 7
3 40
17 231
1 132
1 228
2 102
2 199
2 198
2 198
2 230
2 199
2 199
2 231
2 199
2 199
2 199
2 231
2 231
2 231
2 231
2 231
2 230
2 230
2 231
2 199
2 102
26 38
49 198
73 133
81 37
97 5
96 229
96 229
104 197
104 197
104 197
104 197
104 197
104 197
112 165
112 165
112 133
112 165
112 133
112 133
112 133
112 133
120 101
120 101
120 101
120 133
120 101
120 101
120 133
112 133
112 133
120 133
120 133
120 133
112 133
112 133
112 133
120 133
120 133
120 133
120 133
120 133
128 133
128 133
128 133
128 133
120 133
120 165
128 165
136 166
136 165
144 165
144 133
144 134
144 101
144 101
152 134
152 134
144 69
144 102
152 102
152 102
152 101
152 101
152 101
152 101
152 69
152 102
152 102
152 70
152 101
152 101
152 101
152 69
152 101
160 101
160 68
160 69
152 69
160 69
160 37
160 37
160 37
160 37
160 37
160 37
160 37
168 69
168 37
160 69
160 101
160 69
160 69
160 69
160 37
168 70
176 70
176 70
168 103
168 134
168 134
176 102
176 102
176 135
176 135
168 135
176 135
176 135
176 135
176 135
176 167
176 135
176 167
176 199
176 167
176 199
176 200
176 168
184 168
184 168
184 136
176 136
176 135
184 200
176 200
176 199
176 199
176 200
176 168
176 200
184 168
184 168
184 168
184 167
184 199
184 200
184 200
184 200
184 200
184 200
184 200
184 232
184 232
184 232
184 232
192 233
192 200
192 201
192 200
192 233
184 232
184 232
184 199
192 200
184 232
184 232
185 8
185 8
193 9
184 233
192 233
184 201
192 234
192 201
192 233
184 233
184 233
184 233
185 9
185 9
184 233
184 233
193 10
193 9
193 9
201 41
193 41
193 41
193 74
193 41
193 10
193 42
193 42
193 42
193 10
193 10
193 10
193 11
193 10
193 10
193 10
193 42
193 10
193 42
193 42
193 42
193 42
193 42
185 42
185 42
185 42
193 42
193 42
193 43
193 43
193 75
193 107
185 74
193 139
193 106
193 106
185 138
193 138
193 107
193 139
193 107
193 106
193 107
193 75
193 75
193 75
193 75
193 75
193 107
193 107
193 107
193 107
193 107
193 107
193 139
193 75
193 75
193 75
193 75
193 43
193 75
193 75
193 75
193 75
193 74
193 74
193 74
193 74
193 42
193 43
193 10
193 42
185 9
185 10
185 9
185 10
185 41
177 41
177 41
185 40
185 40
185 40
193 9
193 9
192 233
193 9
193 9
193 8
185 8
193 8
185 8
185 8
185 8
184 232
184 232
184 232
184 233
184 233
184 232
184 233
184 233
184 232
185 8
185 8
185 8
185 8
177 8
177 8
177 40
177 7
177 40
177 8
177 40
177 40
177 40
177 7
177 40
177 8
177 40
169 39
169 71
169 39
169 7
153 70
129 134
113 134
105 133
81 197
49 229
34 5
18 69
2 69
2 101
2 70
2 102
2 70
2 70
2 101
2 102
2 69
2 69
2 69
2 69
2 69
2 69
2 69
2 37
2 37
2 69
2 37
2 37
2 69
2 69
2 36
2 36
2 37
END_IMAGE:
NEW_IMAGE:
128 34
128 34
128 66
128 67
144 67
144 67
144 67
152 67
152 67
144 67
152 99
144 99
144 99
144 99
144 99
144 67
152 100
152 69
152 68
152 68
152 100
152 67
160 100
160 100
160 100
160 100
160 100
152 100
160 100
160 165
160 133
160 164
160 132
168 132
168 132
168 133
168 133
168 133
168 100
168 165
168 133
168 133
168 165
168 166
176 134
168 134
168 166
176 134
184 134
176 165
176 166
176 166
176 198
184 198
176 198
176 198
177 6
176 230
176 198
184 230
184 230
184 230
185 6
184 230
185 6
184 230
184 230
185 38
185 6
185 6
193 39
193 8
193 7
193 8
193 8
201 8
201 40
201 9
201 40
201 41
201 72
201 72
201 72
201 72
201 72
201 72
201 105
193 72
193 73
193 73
193 73
193 73
201 73
201 73
201 73
201 74
201 73
201 73
201 73
201 73
201 41
201 105
201 106
201 106
209 138
209 106
217 138
209 138
209 137
201 105
201 105
209 105
209 105
209 106
209 138
209 138
201 137
209 168
201 200
217 233
209 168
209 168
217 105
217 73
217 73
217 73
217 73
217 73
217 41
225 41
225 42
217 41
217 41
225 42
225 42
217 73
217 41
217 73
217 73
217 74
217 42
217 73
225 41
217 41
217 42
217 41
217 41
225 41
225 41
225 41
225 9
225 9
225 9
225 10
225 9
225 9
225 9
217 8
225 40
217 73
217 105
225 106
225 138
225 138
217 73
217 73
217 105
217 105
217 105
217 104
217 137
217 138
217 138
217 138
217 138
225 138
225 74
225 74
225 41
217 8
225 73
217 72
217 73
217 73
217 105
217 105
217 105
217 171
193 104
169 135
129 166
97 197
66 6
41 197
2 5
2 5
2 5
1 197
9 165
9 197
1 197
10 6
1 197
1 198
9 230
9 197
9 229
17 198
9 230
9 229
17 197
17 230
17 230
9 229
17 229
18 6
18 6
10 38
26 7
25 198
33 133
16 227
16 227
16 227
9 3
16 226
25 3
17 165
10 4
2 37
10 133
2 165
2 133
2 198
2 166
2 198
2 197
2 230
2 230
2 230
3 6
2 230
3 6
2 229
2 230
2 230
2 230
2 230
2 230
2 230
3 38
3 6
3 38
3 38
3 5
3 6
3 6
3 39
3 6
3 6
3 7
3 6
3 6
3 7
3 38
3 6
3 6
3 6
3 6
3 39
3 39
3 39
3 38
3 38
3 38
3 38
3 38
3 38
3 38
3 38
3 38
3 38
3 6
3 7
3 7
3 6
3 38
3 38
3 38
3 6
3 6
3 6
2 230
3 7
2 231
3 7
3 6
3 38
3 38
3 38
3 6
3 38
3 6
3 38
3 38
3 38
3 38
3 6
3 38
3 38
3 38
3 38
3 38
3 38
3 38
3 38
3 38
3 38
3 6
3 7
3 6
3 6
3 38
3 6
3 7
3 6
3 39
3 38
3 38
3 38
3 38
3 70
3 70
3 70
3 38
3 70
3 38
3 38
3 38
3 38
3 6
3 7
3 7
3 7
3 7
2 230
3 7
3 7
3 7
3 7
3 39
3 38
3 38
3 38
3 70
3 38
3 70
3 38
3 7
3 6
3 39
3 6
3 39
3 39
3 39
3 39
3 38
3 38
2 231
10 167
3 40
27 9
58 202
82 140
106 173
114 174
114 205
123 14
122 205
122 173
122 141
122 174
131 79
123 46
123 13
122 237
122 173
114 205
114 238
115 15
131 15
114 237
114 173
106 140
115 13
115 12
106 236
115 12
115 45
114 237
114 236
123 14
130 206
122 172
114 108
106 141
114 141
122 173
122 205
114 237
106 204
106 204
114 205
114 206
114 205
114 205
114 173
114 173
106 172
114 172
122 173
114 172
114 172
106 236
122 206
122 174
114 77
106 109
98 141
106 141
106 173
106 173
106 172
114 173
106 108
98 106
98 75
98 75
106 76
106 108
106 108
106 108
106 108
106 108
98 139
106 138
98 42
106 75
106 77
98 109
106 141
106 141
98 139
106 171
98 42
98 43
98 106
98 139
98 138
90 73
98 74
98 74
98 74
98 75
98 74
98 41
89 200
81 232
82 41
90 41
98 41
89 200
89 232
81 232
82 8
81 232
81 232
81 200
81 200
89 232
89 200
89 168
81 167
81 199
74 7
81 199
81 167
81 200
73 231
81 200
89 232
89 199
97 136
81 168
73 200
90 9
106 41
106 74
98 41
98 42
98 41
98 41
98 41
98 41
106 9
98 9
98 41
98 41
90 41
90 8
90 9
90 9
98 41
98 9
97 233
90 9
90 9
90 9
90 9
82 9
90 9
90 41
82 41
82 41
82 74
82 106
82 74
82 74
82 74
90 75
82 75
82 75
82 75
82 108
82 107
82 139
82 107
90 140
90 108
90 140
90 141
90 141
82 140
90 141
90 141
90 141
90 141
90 109
90 141
90 141
90 141
90 141
90 173
90 173
82 141
90 174
90 172
82 106
74 42
82 43
82 76
74 43
82 43
82 44
82 42
82 41
74 9
82 42
82 43
82 11
82 42
74 9
73 234
74 11
74 42
82 43
74 11
73 234
82 10
74 10
74 10
74 42
74 41
66 9
74 10
73 235
74 11
74 10
74 10
73 234
73 233
74 9
74 10
66 10
66 9
65 233
65 233
65 232
65 233
65 201
65 233
65 233
57 201
65 234
65 234
65 234
73 234
65 233
65 201
65 234
65 201
65 234
57 233
57 232
57 200
65 201
65 201
57 200
57 201
57 201
57 232
57 169
57 200
57 200
57 168
57 168
57 169
57 169
57 201
57 169
57 168
57 169
57 169
57 137
57 168
49 167
49 135
49 135
49 104
49 104
END_IMAGE:
NEW_IMAGE:
98 235
90 235
90 236
98 236
99 12
99 12
99 12
99 44
107 12
107 12
99 12
107 44
107 12
99 12
107 77
99 44
107 44
99 44
99 44
99 44
99 44
99 44
99 43
99 44
107 44
107 44
107 44
107 12
115 12
107 11
107 44
107 12
107 12
107 44
107 44
107 44
107 12
107 76
107 43
107 44
107 44
107 44
107 44
107 12
115 12
107 44
107 44
107 11
107 44
107 12
107 43
107 9
115 9
114 232
114 231
123 6
123 5
123 4
123 35
131 66
131 36
131 37
131 7
123 41
115 42
115 76
107 76
107 44
107 44
107 12
107 44
107 109
115 109
115 108
123 107
123 107
123 108
123 108
115 75
123 172
115 108
115 76
107 11
98 201
98 136
98 102
98 38
98 72
98 39
98 71
106 70
114 101
106 100
114 131
114 131
114 162
114 130
114 130
114 162
122 162
122 130
130 132
122 131
122 162
114 195
130 162
130 162
130 195
130 162
130 163
130 163
130 131
130 163
130 130
130 131
130 99
130 130
130 98
130 66
130 34
138 34
138 35
138 34
138 34
138 1
138 33
130 34
130 33
130 34
122 34
122 67
122 35
122 67
122 99
114 67
114 66
114 34
114 34
106 35
106 35
106 99
106 163
114 163
114 228
114 196
122 197
114 132
114 228
114 196
114 132
114 132
114 165
114 100
114 100
114 100
106 133
90 135
74 104
74 105
66 41
49 166
33 36
41 69
41 101
41 101
41 101
33 69
33 101
41 101
33 37
41 37
41 37
33 36
41 69
41 68
41 69
49 101
57 198
57 198
57 198
65 199
66 40
57 199
57 232
57 232
57 199
57 199
57 199
65 232
66 40
57 231
66 8
57 231
49 166
57 231
74 72
74 73
74 9
82 9
74 8
66 8
65 200
65 200
65 199
65 231
65 231
65 199
66 8
57 231
57 232
57 231
57 231
65 167
49 166
57 199
57 231
66 40
82 106
98 203
107 45
99 12
99 12
90 236
99 46
99 12
99 12
107 45
107 45
115 45
115 76
107 109
107 11
115 44
115 76
107 76
107 77
107 77
99 44
107 109
107 76
107 76
107 44
115 77
107 12
99 12
98 235
107 44
107 44
107 44
107 77
99 44
107 45
107 44
99 44
99 12
99 44
99 44
107 44
107 12
115 44
115 44
115 12
114 236
106 236
106 236
106 171
106 236
106 204
106 236
98 203
98 235
107 77
107 44
99 12
99 44
99 12
107 109
107 44
99 44
99 12
107 44
107 77
107 12
98 203
98 235
90 234
98 235
99 44
99 12
98 235
99 11
115 108
107 44
98 203
90 138
98 235
107 76
99 11
98 202
98 234
98 170
90 171
82 170
82 202
90 202
90 170
90 137
98 169
90 202
82 105
82 138
74 138
74 105
58 8
57 231
58 8
57 231
57 166
73 230
74 7
74 7
66 7
73 231
73 165
73 198
73 198
73 230
65 230
65 230
66 40
57 199
41 35
32 226
41 2
40 226
32 195
32 227
32 227
32 226
32 226
32 226
32 194
32 226
24 194
32 194
32 194
24 194
24 129
24 161
24 129
24 129
24 161
16 162
16 161
24 193
24 193
32 193
32 193
40 161
32 162
24 161
24 162
32 162
24 162
24 162
24 162
24 162
32 130
32 130
24 162
24 194
16 162
16 161
24 162
24 162
24 162
24 161
24 161
24 193
24 161
24 194
24 194
24 162
24 162
24 161
24 194
32 194
24 194
24 226
32 227
32 194
32 195
32 195
32 162
32 194
32 227
32 226
24 162
40 227
40 226
32 194
32 227
33 3
33 3
41 36
41 36
33 36
33 5
49 102
49 102
49 102
49 134
49 134
57 199
57 231
74 40
66 7
66 7
65 231
65 230
65 230
65 197
65 165
57 198
49 134
49 133
49 101
41 101
49 68
49 133
49 166
57 199
65 231
66 8
74 72
74 73
74 138
90 203
90 203
90 171
98 171
98 202
98 170
106 137
98 104
98 201
115 106
131 140
123 9
98 103
82 137
90 137
106 233
115 75
115 74
115 75
107 74
115 106
115 74
107 107
107 139
107 107
107 75
115 107
115 106
107 105
99 73
99 74
107 107
107 43
107 11
115 10
107 10
107 10
107 11
107 43
106 234
107 11
107 43
107 10
107 10
107 10
106 233
107 9
106 233
107 9
98 232
90 200
98 232
90 232
82 232
82 231
82 166
74 167
82 101
66 5
57 198
41 36
40 227
32 130
32 163
32 227
33 4
41 36
41 69
49 133
49 100
49 100
49 133
49 133
41 133
41 68
57 101
49 68
41 35
41 35
49 35
41 3
16 162
16 130
16 130
16 129
16 129
16 129
16 97
16 129
16 129
16 129
16 97
16 97
16 129
16 129
16 129
8 97
16 129
16 129
16 129
16 130
16 130
8 97
16 130
16 97
16 162
16 162
16 195
16 228
25 3
33 3
33 3
33 3
33 3
33 3
33 3
33 3
33 3
33 2
24 226
33 2
32 226
32 227
32 227
33 3
33 3
32 227
33 3
32 227
33 3
33 3
33 3
33 3
40 227
41 4
33 3
33 2
32 225
33 3
24 227
24 227
32 195
32 227
32 227
33 3
25 3
24 227
24 227
24 227
32 227
32 227
40 162
32 130
24 194
16 129
24 162
24 194
16 162
24 194
24 194
24 162
32 194
24 226
32 227
32 227
32 227
24 227
24 226
24 194
24 226
24 226
24 194
24 194
24 225
24 162
24 226
24 194
24 194
24 194
24 194
32 193
32 193
32 194
24 226
24 226
24 226
24 194
24 194
24 194
24 193
24 194
24 194
24 194
24 194
24 194
24 193
24 194
24 193
24 193
24 194
24 194
24 195
24 194
END_IMAGE:
NEW_IMAGE:
24 195
32 195
32 163
32 195
32 162
32 195
32 194
32 194
40 162
40 195
40 163
32 195
32 194
24 194
32 194
32 194
32 194
32 195
32 195
32 195
32 194
32 194
32 194
32 194
32 162
32 163
40 163
32 195
32 195
32 195
32 194
32 194
40 194
32 194
32 194
32 195
32 194
32 194
32 227
32 227
24 194
24 195
32 227
32 227
32 195
32 195
32 194
40 227
32 194
32 227
32 194
32 194
32 194
32 195
40 195
40 195
40 195
32 195
32 227
32 227
32 227
32 227
40 227
32 226
40 227
32 227
32 227
32 226
32 226
32 226
32 226
32 226
40 194
40 226
40 194
40 195
32 194
32 227
32 227
32 227
40 227
32 194
32 195
32 227
32 227
32 227
32 194
32 226
32 194
32 194
40 226
32 194
32 226
32 194
32 227
32 226
32 226
32 226
32 226
32 227
32 226
32 227
32 194
32 194
40 194
40 195
40 194
32 194
32 194
32 194
32 194
32 194
32 194
32 194
32 162
32 194
32 194
32 194
32 194
32 194
32 194
32 194
32 194
32 194
32 162
32 195
32 195
32 163
32 163
32 194
32 162
32 162
32 194
32 162
32 162
24 162
24 162
24 162
24 162
24 162
24 162
24 130
24 130
24 130
24 129
24 130
24 129
24 130
24 129
24 129
24 129
24 130
24 130
32 130
24 129
24 130
24 130
16 129
24 130
24 130
24 130
24 129
24 129
32 97
24 129
24 129
24 129
24 130
32 129
24 130
24 130
16 130
16 130
16 130
24 129
24 130
24 130
24 130
24 130
16 130
16 162
16 162
16 162
24 162
24 162
24 162
24 161
24 162
24 162
24 162
24 130
24 130
24 130
24 161
24 161
24 130
32 130
32 130
32 130
24 130
24 130
24 130
24 130
24 130
24 130
24 162
24 130
24 130
24 130
24 130
24 129
24 130
24 162
24 161
16 129
24 161
24 161
24 194
24 129
24 161
24 130
24 162
24 130
24 161
24 161
24 129
24 130
24 162
24 162
24 162
24 162
32 162
32 161
32 194
40 226
41 3
41 3
41 4
41 4
49 36
49 3
41 35
41 36
41 4
49 3
41 3
49 36
41 3
49 3
41 4
41 36
41 4
41 3
41 3
40 227
41 3
41 4
41 4
40 227
41 3
41 3
32 227
40 227
40 227
40 227
40 227
40 227
41 3
41 3
33 3
33 3
33 3
33 36
33 4
41 36
41 36
33 36
41 36
41 69
41 4
41 4
41 4
41 4
49 4
49 4
49 4
49 4
49 3
49 3
49 3
49 35
41 3
49 3
49 3
49 3
49 3
49 3
41 3
41 3
41 3
33 3
41 3
41 3
41 3
40 227
40 227
40 227
40 227
40 227
40 227
40 227
41 3
32 227
32 227
32 195
32 227
32 227
33 3
33 3
33 3
33 3
41 3
41 3
41 4
41 36
41 4
49 3
49 36
41 36
49 36
41 36
41 4
41 3
41 3
33 3
33 3
33 3
32 227
32 227
32 227
32 227
32 227
32 227
33 4
33 3
33 4
33 3
33 4
41 36
33 36
41 36
41 36
49 68
41 36
41 35
41 36
41 35
41 3
41 35
41 35
41 35
33 35
41 35
33 4
33 4
40 227
40 227
41 3
32 227
40 227
40 227
32 226
40 226
32 226
32 226
32 227
32 194
32 194
32 194
32 162
32 161
24 161
24 130
24 130
24 162
24 130
24 162
32 131
32 162
32 162
32 194
32 194
32 162
32 194
24 195
40 195
40 196
32 129
40 231
57 203
83 17
124 150
157 88
181 218
189 249
206 59
189 216
190 24
173 85
140 113
115 142
91 12
74 106
65 232
57 199
57 133
57 101
49 68
49 36
41 36
33 36
41 36
40 227
33 3
24 227
33 3
32 227
32 227
32 195
32 227
32 227
32 195
32 195
32 195
32 194
32 195
32 227
32 227
32 227
40 227
40 195
40 195
41 4
41 4
41 36
49 5
57 37
41 4
32 228
32 228
58 10
99 14
140 51
173 151
173 184
173 152
181 184
189 217
189 216
189 216
189 248
189 216
189 216
189 248
189 248
189 248
197 248
197 249
197 249
197 217
197 217
197 217
197 217
189 216
197 249
197 249
197 249
197 249
197 248
197 248
189 216
189 184
189 184
189 184
189 216
189 216
189 248
189 248
189 248
190 24
198 24
189 248
189 248
189 216
189 216
189 216
189 248
189 215
189 184
189 184
181 216
181 184
181 184
181 184
189 215
189 215
189 215
189 215
181 183
181 152
189 184
189 152
189 184
189 184
181 152
181 152
181 152
181 151
181 151
181 151
181 151
181 151
181 151
181 152
181 151
181 151
181 151
181 151
173 118
173 119
173 118
173 118
173 118
173 118
173 118
173 118
173 86
173 54
173 86
165 54
173 54
173 54
165 53
165 53
165 21
165 21
165 21
165 21
157 21
157 21
157 21
157 21
164 244
165 21
156 244
156 212
156 180
140 114
148 211
156 244
156 244
156 244
148 180
148 179
148 179
148 179
148 147
148 147
148 115
148 116
148 84
140 84
140 116
140 115
140 115
140 114
140 82
140 82
140 82
140 82
140 82
132 50
132 50
132 50
132 82
124 82
124 50
124 50
124 50
124 50
124 17
132 49
132 17
124 17
132 17
123 241
123 241
123 240
123 208
123 208
123 240
123 209
115 177
115 176
115 209
115 144
115 176
115 143
107 111
107 111
107 79
107 47
107 79
107 47
107 47
99 47
99 79
99 14
90 238
91 14
91 46
83 13
83 46
82 237
82 237
82 237
82 205
82 205
74 172
82 205
82 172
82 172
74 140
74 173
82 141
74 108
74 139
66 140
58 108
58 75
END_IMAGE:
NEW_IMAGE:
16 130
16 129
16 130
16 162
16 130
16 162
16 162
16 162
16 162
16 162
16 162
16 130
24 162
24 162
24 162
24 162
24 162
16 162
16 162
24 162
24 162
24 162
24 162
24 130
24 130
24 130
24 130
16 162
16 162
16 162
16 162
24 162
24 161
24 162
24 162
24 162
24 129
16 130
16 130
16 130
16 162
16 130
16 129
16 130
16 129
16 129
16 129
16 129
16 130
24 130
16 130
16 161
16 162
24 162
24 162
24 227
24 195
24 195
24 227
24 195
24 195
24 195
24 195
24 195
16 162
16 162
24 162
24 162
24 162
16 130
24 162
24 162
24 162
24 162
24 162
24 162
24 162
16 162
24 195
24 162
24 162
24 162
24 195
16 195
24 227
24 195
32 227
32 195
32 227
40 227
40 228
32 194
41 36
74 7
99 12
115 207
132 49
132 115
124 51
123 242
123 242
124 50
116 18
116 51
124 51
124 19
124 19
124 20
124 52
124 51
124 50
124 83
132 116
132 83
132 50
132 115
116 115
124 83
132 83
140 116
132 83
140 83
132 83
132 83
132 115
132 115
132 116
140 116
140 116
140 148
140 148
140 148
140 148
140 148
140 148
140 149
140 149
140 149
140 149
140 149
140 149
140 149
140 149
140 181
140 181
140 181
140 181
140 181
140 181
140 181
140 181
148 181
148 213
140 181
148 181
148 181
148 181
148 181
148 181
156 213
148 181
148 181
156 182
148 181
148 213
148 213
148 213
148 213
148 213
148 213
148 212
148 213
148 213
148 213
148 181
156 213
156 213
156 181
156 213
156 181
156 213
156 213
156 213
156 246
156 213
156 213
156 245
157 22
156 246
148 214
148 245
148 246
148 245
148 245
156 213
156 246
148 246
156 214
156 213
156 214
148 213
148 181
156 214
156 214
148 214
148 246
148 214
156 246
148 214
156 214
156 214
156 181
148 181
148 181
148 181
148 181
148 181
148 181
148 181
148 181
148 181
140 181
140 180
140 180
148 148
148 147
140 148
140 148
140 148
140 116
140 116
140 116
140 116
140 116
148 148
140 147
140 115
132 115
140 115
140 115
140 83
132 84
140 84
140 83
140 83
140 51
140 51
132 51
132 51
140 83
132 50
132 51
132 51
132 51
132 19
132 19
132 19
131 243
131 243
132 19
131 243
131 243
131 243
131 243
131 242
131 242
123 242
123 242
123 242
123 209
123 242
123 209
123 209
123 209
123 209
115 209
115 209
115 209
115 177
115 145
115 144
115 177
107 112
107 112
107 113
107 113
107 80
107 113
107 80
107 80
107 79
107 47
107 47
107 47
107 79
99 14
99 79
99 46
91 14
91 47
99 47
91 15
91 15
91 15
91 14
91 15
82 239
82 206
82 238
82 238
82 205
90 205
90 173
82 173
82 174
82 142
82 141
74 173
74 141
74 141
74 140
66 108
66 108
66 76
66 76
66 76
66 77
58 12
58 76
58 43
58 42
58 10
58 11
57 234
57 234
57 234
57 202
57 201
57 201
57 201
49 233
49 200
41 200
41 136
49 136
49 136
49 136
49 104
49 136
41 71
49 103
41 103
41 103
41 103
41 103
41 70
41 70
41 70
41 70
49 102
41 38
41 70
41 70
33 70
41 70
41 70
33 69
33 70
33 37
33 37
33 37
41 37
41 37
33 6
33 37
33 4
41 69
49 69
57 101
49 100
49 133
49 101
49 101
57 133
57 101
57 101
49 100
49 100
49 100
57 101
32 228
32 162
32 163
32 227
24 195
24 195
32 162
33 4
41 68
49 133
49 134
49 166
49 133
49 134
49 134
57 166
49 133
49 134
49 134
49 133
49 133
49 101
49 100
57 100
49 100
49 100
49 100
49 133
49 100
49 101
49 100
49 68
49 68
49 68
49 36
41 36
41 36
41 68
41 68
33 36
33 35
33 36
33 3
33 4
32 227
33 3
32 227
32 195
32 227
32 196
32 195
32 227
32 195
32 194
32 227
32 227
32 227
33 4
33 4
32 227
41 4
33 3
41 4
41 36
41 36
33 4
41 36
41 4
41 4
41 4
49 4
40 227
48 227
48 227
49 4
57 4
57 4
49 4
57 3
56 227
56 227
57 4
64 227
56 228
64 228
64 228
64 228
64 228
65 4
57 4
57 68
73 101
72 227
72 162
80 227
72 195
72 195
72 227
72 227
72 227
72 228
64 228
57 4
64 229
64 197
64 228
65 36
65 166
65 166
65 167
66 7
66 8
74 40
74 72
74 40
66 40
66 40
66 40
66 40
66 8
74 8
74 40
74 40
66 8
66 8
66 40
66 40
66 40
66 8
66 8
66 8
66 8
74 40
74 72
66 40
74 40
74 40
74 40
74 40
74 40
74 8
74 40
74 40
74 40
74 40
74 73
74 73
74 105
74 40
74 73
74 73
74 72
74 105
74 105
74 105
66 105
74 105
74 105
74 105
66 105
74 138
74 106
74 138
82 139
82 139
82 138
82 138
82 139
82 170
90 203
90 203
82 170
90 235
90 170
90 202
82 137
74 72
74 40
65 166
57 101
49 101
49 68
49 36
41 3
49 36
49 36
40 227
40 227
49 3
49 3
41 3
41 3
41 3
32 226
41 3
41 3
40 227
49 3
40 227
40 227
40 227
48 227
40 227
40 227
40 227
40 195
40 226
40 226
41 2
40 227
40 226
32 226
40 226
40 227
40 227
40 227
40 227
32 227
40 227
41 2
40 226
40 226
40 226
40 227
40 227
40 227
41 3
40 226
41 3
33 3
33 3
33 3
41 3
40 227
32 226
32 227
40 226
40 227
40 226
32 227
40 226
40 227
40 226
40 226
40 226
40 226
40 226
40 227
32 226
32 227
END_IMAGE:
NEW_IMAGE:
0 68
0 68
0 36
0 37
0 36
0 68
0 68
0 99
0 98
0 98
0 98
0 97
0 97
0 97
0 97
0 97
0 129
0 97
0 64
0 192
0 192
1 196
1 229
1 104
1 6
0 133
0 100
0 101
0 100
0 100
0 164
0 225
0 194
9 2
9 3
0 194
0 162
8 32
0 128
49 64
115 5
156 237
140 74
107 168
91 6
58 67
50 100
33 162
25 98
17 34
25 132
1 99
1 163
1 99
1 132
1 196
18 103
35 10
19 9
18 233
18 232
18 232
18 232
18 168
18 168
18 168
18 200
18 200
26 200
26 168
26 168
26 200
26 200
34 201
34 168
26 232
26 233
34 201
34 169
42 201
50 169
50 201
42 234
35 43
35 43
42 234
50 202
58 234
58 202
58 234
59 11
51 44
51 76
59 43
75 76
75 45
59 109
67 108
75 141
75 141
75 109
83 109
83 141
67 205
67 206
83 174
83 142
83 174
83 207
83 174
83 175
84 18
76 81
84 48
92 80
84 209
76 210
83 240
83 142
74 235
34 39
9 164
17 132
17 35
17 36
17 97
17 1
1 229
1 134
1 6
1 71
1 5
9 102
48 227
33 64
42 195
166 82
92 11
75 41
33 164
33 198
33 196
25 131
25 129
66 198
99 140
90 233
74 103
49 230
33 165
17 133
34 40
75 173
100 80
100 80
99 207
34 105
25 100
33 230
116 146
100 49
91 208
66 237
25 134
33 167
33 232
42 106
50 139
42 73
33 199
25 166
33 231
34 8
34 8
34 8
25 200
25 199
25 166
33 166
33 166
25 166
25 231
33 198
9 136
17 168
25 199
17 232
26 40
41 231
42 8
34 8
33 231
26 7
2 103
18 72
34 9
33 232
41 232
33 167
33 135
33 199
25 166
25 198
9 197
17 231
25 167
17 166
25 165
17 197
17 132
33 198
33 133
25 165
25 230
25 230
25 198
34 6
42 104
42 136
42 104
58 104
58 137
58 105
58 137
50 104
58 169
50 168
51 8
42 135
42 103
34 166
42 165
50 166
50 166
50 167
42 200
42 200
34 168
42 201
42 168
50 167
42 199
50 167
50 168
50 136
50 135
50 136
50 168
58 168
50 168
50 168
50 232
42 232
58 200
58 104
58 103
58 135
74 168
66 135
66 102
74 134
66 134
66 134
58 134
66 135
66 71
66 71
58 104
66 136
58 136
66 136
66 104
66 105
58 137
50 105
42 105
42 170
42 170
50 170
50 138
50 137
50 169
42 170
42 169
42 234
58 202
66 137
74 170
74 170
82 171
90 203
98 203
82 139
82 170
115 207
181 251
198 30
181 219
173 251
174 28
182 27
182 27
174 59
182 58
182 58
190 59
190 59
198 124
198 124
206 124
222 188
231 30
230 253
230 221
230 222
230 222
230 254
230 254
222 157
214 92
222 156
214 125
198 60
190 27
198 26
197 249
189 153
181 153
165 184
165 120
148 213
148 245
165 52
164 242
74 137
58 103
66 169
66 201
67 8
58 198
66 199
66 167
66 102
66 70
66 70
66 101
66 101
58 100
58 101
58 70
66 70
66 70
66 70
58 101
66 70
66 102
66 102
66 103
66 135
74 103
66 71
66 103
66 134
66 133
74 134
74 134
74 102
74 135
66 134
74 135
74 134
74 199
66 166
66 166
66 166
66 166
66 167
74 168
74 135
74 135
66 167
58 166
66 166
66 166
66 133
66 134
66 166
66 101
66 102
74 102
74 101
66 133
66 102
66 102
66 102
66 103
66 103
66 103
66 102
74 102
66 102
66 133
66 134
58 69
66 134
66 101
66 133
66 133
66 101
66 101
66 133
66 133
58 101
66 102
66 101
66 133
66 101
58 101
58 133
58 165
58 133
58 101
58 102
58 71
58 135
50 102
58 134
58 102
50 70
50 38
50 134
42 165
50 134
66 70
66 70
66 70
66 70
58 103
42 103
50 39
58 39
58 38
58 102
50 133
42 101
42 100
42 100
42 100
50 133
50 36
50 37
58 37
58 37
58 70
26 6
17 197
26 40
34 106
26 138
18 137
18 138
34 74
26 106
26 203
26 172
26 141
18 206
35 15
51 15
51 47
43 80
35 113
51 49
51 81
51 178
67 179
67 51
59 180
60 184
93 124
117 125
125 157
109 253
109 154
117 55
116 244
83 240
59 78
42 238
34 108
58 107
58 106
50 106
50 137
58 170
58 169
58 234
43 9
35 9
50 169
50 202
67 11
83 141
99 207
108 16
132 178
132 113
124 113
116 81
116 80
124 80
124 48
124 15
124 15
123 239
115 238
108 14
99 237
107 173
99 109
91 141
83 139
75 108
75 43
83 75
75 107
75 107
67 43
67 43
67 43
67 10
43 41
27 73
27 40
34 232
50 136
34 135
26 167
26 199
26 134
34 167
26 135
26 167
26 199
26 199
18 166
18 167
18 167
18 135
18 135
10 167
18 167
18 103
26 103
26 103
26 135
18 135
18 135
18 135
18 135
18 134
26 135
26 134
18 134
26 134
18 102
18 134
18 102
18 102
18 102
18 103
26 103
18 102
18 102
26 70
18 102
18 70
18 103
10 103
10 104
34 71
33 196
9 99
1 98
9 163
1 98
1 98
1 98
1 99
1 67
1 66
1 66
1 66
1 66
1 66
1 34
1 34
1 66
1 34
1 34
1 34
1 66
1 65
1 34
1 33
1 33
1 33
1 34
1 34
1 65
1 34
1 34
1 34
1 34
1 1
1 65
1 65
1 64
1 32
1 33
1 65
1 65
1 33
1 1
0 225
0 226
0 225
0 226
1 1
1 1
1 1
1 2
1 1
1 32
0 224
0 193
0 225
0 225
0 225
0 225
END_IMAGE:
NEW_IMAGE:
33 36
33 36
33 4
24 228
33 36
25 67
25 36
33 36
41 36
32 227
41 68
49 133
41 69
41 69
41 102
41 70
49 134
57 199
57 199
57 198
66 40
66 73
74 171
82 236
91 13
91 14
107 143
115 143
123 208
132 115
132 115
132 51
156 245
181 152
173 152
173 152
181 184
189 186
197 250
189 215
198 24
206 121
214 154
214 154
222 218
206 88
206 120
198 55
206 152
222 218
222 217
214 185
214 249
214 250
214 218
214 153
214 218
214 250
214 218
206 153
214 218
222 251
222 251
222 251
223 28
231 60
231 60
231 92
231 60
231 28
239 93
247 157
247 158
247 158
247 158
247 158
247 190
247 190
247 190
247 190
255 222
255 255
255 255
255 255
255 255
255 255
255 255
255 255
255 255
255 255
255 255
255 255
255 255
255 255
255 255
255 255
255 255
255 255
255 255
255 255
255 255
255 255
255 255
255 223
255 223
255 255
255 223
247 158
239 125
231 93
231 93
231 61
215 28
206 219
206 251
206 251
198 187
198 155
173 216
149 21
124 50
91 46
66 107
49 169
49 136
57 200
57 233
65 199
73 167
82 39
74 7
73 199
73 199
73 230
65 231
65 231
57 231
57 199
57 199
57 199
57 199
57 198
65 198
57 198
57 199
57 199
65 198
65 199
57 198
65 199
57 231
57 199
65 231
57 199
65 231
65 231
73 231
65 231
66 7
73 231
81 199
73 199
65 199
82 7
98 137
131 239
156 210
173 150
157 20
148 211
156 211
148 179
148 178
148 178
148 114
140 81
140 81
140 49
140 17
131 240
132 16
132 16
123 207
115 142
123 207
115 142
115 142
107 109
107 109
115 143
107 77
90 205
82 106
74 40
57 231
74 7
74 7
73 199
81 231
65 199
65 231
65 199
65 199
65 199
73 231
73 231
73 199
73 198
73 198
65 199
65 230
65 198
73 198
73 199
65 199
65 199
73 231
65 198
73 231
65 231
65 199
65 199
65 231
65 231
65 231
65 199
65 199
65 199
65 199
65 199
65 231
65 231
65 199
65 199
65 231
65 231
74 7
65 231
65 231
65 231
73 231
65 231
65 231
65 199
65 199
65 198
65 198
73 199
73 199
65 199
73 231
65 199
65 230
65 230
65 231
65 231
65 231
65 231
65 231
73 231
65 199
65 199
73 198
65 198
65 198
65 199
65 199
73 199
73 167
65 166
65 199
65 199
65 199
65 199
65 199
65 199
65 199
73 199
65 167
65 199
65 199
65 199
65 198
65 198
65 198
65 198
57 199
65 199
65 199
65 167
65 166
73 166
65 166
65 166
65 166
65 199
57 198
57 199
57 198
57 199
57 231
57 166
65 231
57 198
65 198
65 199
57 166
65 166
57 198
57 198
57 166
65 198
65 198
57 198
57 198
57 198
57 231
57 198
57 199
57 198
57 198
57 199
57 199
57 199
57 199
57 198
57 198
57 198
57 199
57 199
57 199
57 199
57 198
57 166
65 166
57 166
65 166
57 166
57 198
57 166
57 166
57 166
57 166
57 199
49 199
57 199
57 134
57 166
57 166
57 166
57 166
57 166
57 199
57 199
49 166
49 166
49 166
49 166
57 166
49 166
49 166
57 166
57 166
57 166
57 166
49 134
49 166
49 166
57 166
49 166
57 166
49 166
49 166
49 166
49 166
49 165
49 166
57 166
49 133
57 134
57 134
49 166
49 134
49 166
49 165
49 165
41 165
49 166
49 134
49 134
49 134
49 134
49 134
41 101
49 134
49 134
57 134
57 102
49 101
49 166
49 134
49 133
49 134
49 133
49 133
49 102
49 134
49 134
49 134
49 133
49 133
49 101
49 133
49 133
41 101
41 101
49 134
49 133
41 133
49 102
49 101
49 101
49 102
49 69
49 101
49 102
41 101
41 101
41 101
41 101
41 101
41 101
41 101
41 101
41 101
41 101
41 101
41 101
49 101
41 68
41 69
49 69
41 69
41 69
41 69
41 69
41 69
41 69
41 69
41 68
41 69
41 68
41 69
41 69
49 101
41 68
41 68
33 68
33 68
33 69
33 69
33 36
41 68
41 68
41 68
41 68
41 68
41 69
41 69
33 36
41 69
33 36
41 36
41 36
41 36
41 36
41 4
41 36
41 36
33 36
41 36
33 36
33 36
33 36
33 36
33 36
25 68
33 68
33 36
33 68
25 68
33 68
33 36
33 36
33 36
33 36
33 36
33 4
41 36
33 36
33 4
33 4
33 36
25 36
33 4
33 4
33 4
33 4
33 4
33 4
33 4
33 4
33 4
33 4
33 4
33 4
33 4
33 36
33 4
25 36
33 4
33 4
33 4
33 4
33 4
33 4
33 4
33 4
33 3
33 3
33 4
33 4
24 227
33 4
24 227
33 4
25 3
25 3
25 3
25 3
25 3
33 3
32 227
33 3
32 227
33 3
25 3
24 227
24 227
24 227
24 227
24 227
24 227
24 227
24 227
24 227
24 227
24 227
24 227
24 227
25 3
24 227
24 227
24 227
24 227
24 195
24 195
24 227
24 227
16 226
25 3
17 3
24 227
24 227
24 227
24 194
24 227
24 195
24 195
16 227
24 227
24 227
16 227
17 3
16 227
24 195
24 227
16 195
16 195
16 227
16 195
16 195
16 162
16 195
16 195
24 195
24 195
16 195
24 195
24 195
16 195
16 195
16 195
16 195
24 195
16 195
16 194
24 195
24 195
16 195
16 195
16 163
16 195
16 195
16 195
16 195
16 195
16 195
16 195
16 195
16 163
16 162
16 195
16 162
16 162
16 162
16 162
16 162
16 162
16 162
16 162
16 162
16 162
16 162
16 162
16 162
16 162
8 162
8 162
8 162
END_IMAGE:
NEW_IMAGE:
41 101
49 133
49 134
49 134
49 134
49 134
49 166
57 166
57 166
57 166
57 166
57 166
57 198
57 166
57 166
57 134
57 166
57 166
57 166
57 166
57 198
57 198
57 198
57 199
65 166
65 199
65 166
65 198
65 166
65 199
65 231
65 199
65 199
65 231
65 231
65 231
65 231
65 230
65 231
65 231
73 231
65 231
65 231
65 231
66 7
66 8
73 232
74 8
74 8
74 8
74 8
74 40
74 40
74 8
82 41
82 8
82 8
82 40
74 40
74 72
74 40
74 40
82 73
82 40
82 73
82 72
82 40
82 41
82 73
82 73
82 73
82 73
74 73
82 137
82 105
82 105
82 105
82 105
90 105
90 105
90 105
90 105
90 105
90 105
90 170
90 138
82 138
82 105
90 105
98 138
90 105
90 137
90 170
82 137
90 170
90 170
90 170
90 169
90 138
90 170
90 170
90 170
90 170
90 138
90 138
90 138
98 138
98 138
98 138
98 138
98 138
98 138
98 138
98 138
98 170
90 138
90 170
90 170
82 138
82 138
90 138
90 137
90 138
90 138
90 138
90 138
90 170
82 138
90 138
90 138
90 138
90 138
90 106
90 138
82 106
90 106
90 105
90 137
82 138
90 138
82 138
90 138
90 138
82 105
90 106
90 137
82 138
90 138
90 138
90 170
98 106
90 106
98 106
98 74
106 107
90 75
90 107
82 107
90 106
82 138
82 137
82 137
82 105
90 138
90 106
90 106
82 138
90 106
90 105
82 106
82 106
82 106
82 138
82 106
90 106
90 106
90 138
90 106
90 74
82 106
82 106
82 106
82 106
82 106
82 106
82 105
82 106
82 106
82 106
82 106
74 105
82 138
82 106
82 106
82 106
82 138
82 106
82 106
82 106
82 106
82 73
82 106
82 105
82 106
82 106
90 106
90 106
90 106
82 106
74 73
74 105
82 105
82 105
82 105
82 73
82 73
82 105
82 105
82 105
82 105
74 105
82 105
82 105
82 73
82 73
90 73
90 73
90 73
82 73
82 73
82 73
82 105
82 105
82 73
82 73
74 73
74 105
74 105
82 105
82 73
74 105
74 74
74 73
74 73
74 105
74 73
74 73
74 73
82 106
82 74
82 41
82 73
82 73
74 73
74 73
74 73
74 73
74 73
74 73
82 73
82 41
82 41
82 40
82 40
82 73
74 9
74 41
74 41
74 73
74 73
74 73
74 73
74 73
74 73
74 41
74 73
74 41
74 73
74 41
74 73
74 73
74 73
74 41
82 9
82 9
74 9
74 41
74 41
74 41
74 8
82 8
74 40
74 73
74 41
74 41
74 41
74 73
74 41
74 9
74 9
82 9
74 9
74 9
74 41
66 41
66 41
66 41
66 41
66 41
66 41
74 41
74 41
74 41
74 41
74 41
74 41
74 9
74 9
74 73
66 40
74 40
74 40
74 41
74 8
66 8
74 41
74 40
66 41
58 41
66 8
74 8
74 8
74 8
66 8
66 8
66 40
66 8
66 8
66 40
66 8
66 40
66 8
66 8
66 8
66 8
57 232
66 8
66 8
65 232
66 9
66 8
65 232
66 8
65 232
66 8
66 8
57 232
66 8
58 8
66 8
58 8
58 8
58 8
66 9
65 232
65 232
66 8
57 231
57 231
66 7
57 231
57 231
57 231
65 231
65 231
65 231
65 231
57 199
65 231
65 231
65 231
65 231
65 231
65 231
57 231
57 231
57 231
57 231
65 231
65 231
65 232
57 231
57 231
57 231
57 231
57 231
65 231
57 231
57 231
57 199
57 231
57 231
57 199
65 199
57 199
65 199
65 199
57 199
65 232
57 199
57 199
57 231
57 199
57 231
65 167
57 199
57 199
57 199
57 199
57 167
57 198
57 199
57 231
57 199
57 199
57 166
57 167
57 167
57 167
49 166
57 166
57 198
57 198
49 166
49 166
49 167
49 166
49 166
49 166
49 166
49 166
49 166
49 166
49 167
49 166
49 166
49 166
57 199
57 166
49 134
57 199
49 166
57 166
49 166
49 166
49 166
49 166
49 166
49 166
49 134
49 166
49 166
49 134
49 102
49 166
49 134
49 134
49 134
49 134
49 166
49 166
49 166
49 134
49 166
49 166
49 134
49 166
49 166
49 166
49 134
49 166
49 134
49 134
41 134
49 134
49 134
49 134
49 134
49 134
49 134
49 134
41 101
49 166
41 102
49 102
49 103
49 102
41 102
49 102
41 134
49 134
41 134
41 134
41 133
41 101
41 166
41 134
33 134
41 134
41 134
41 134
41 102
49 134
41 101
41 102
41 70
49 102
41 102
49 134
41 101
41 102
41 102
41 101
41 101
49 102
41 102
41 102
41 102
41 101
41 101
41 70
41 102
25 134
25 101
33 134
33 102
33 101
33 102
33 101
33 133
33 101
33 134
33 134
41 102
41 70
41 102
41 135
41 103
41 102
41 102
41 102
41 102
41 102
41 102
41 102
41 102
33 102
33 102
33 102
41 70
41 102
33 102
33 102
41 103
41 103
41 70
41 103
41 167
25 168
33 168
66 40
82 170
90 203
82 171
90 170
82 170
90 170
90 202
82 170
82 202
90 202
82 138
82 170
90 203
82 170
82 170
82 170
82 202
82 202
82 170
82 170
82 170
82 138
90 170
82 137
82 138
82 138
82 138
82 105
82 138
82 138
82 137
74 105
82 105
74 105
82 105
82 105
74 105
74 104
74 105
74 105
66 104
74 105
74 105
66 105
66 73
74 73
74 72
74 72
74 72
74 40
66 40
66 40
66 40
66 8
57 231
66 8
58 7
58 8
66 8
73 232
66 8
57 202
57 202
33 201
33 135
123 174
206 89
197 247
213 248
END_IMAGE:
NEW_IMAGE:
0 32
0 32
0 32
0 32
0 32
8 65
8 65
0 32
8 64
8 64
8 64
8 65
0 64
8 65
16 32
8 32
8 32
8 65
8 65
8 64
8 64
8 65
8 64
8 64
8 64
8 65
8 65
8 97
8 65
8 65
8 65
16 97
8 96
8 96
8 64
8 64
8 64
8 65
8 65
8 65
8 65
8 65
8 97
8 65
8 64
8 65
8 65
8 65
8 97
8 64
8 128
8 96
8 96
16 64
8 64
16 97
8 97
8 96
16 96
16 97
16 97
8 97
8 97
8 97
8 97
8 97
8 129
8 129
8 129
8 129
16 129
16 129
8 129
16 129
16 129
16 129
16 129
16 97
24 97
16 97
16 97
16 97
16 97
16 129
16 129
16 129
16 130
16 130
16 130
16 129
16 130
16 130
16 130
16 130
16 130
16 130
16 130
16 130
16 130
16 130
16 129
16 130
16 129
16 129
16 161
16 129
16 129
16 130
16 130
16 130
16 130
16 130
16 130
16 162
16 162
16 130
16 130
16 161
16 129
16 129
24 129
16 129
24 97
24 98
24 98
16 130
16 130
16 130
16 130
16 130
24 129
16 130
16 130
16 130
16 130
16 130
16 130
16 130
16 162
16 129
16 129
16 130
16 129
16 129
16 129
16 129
16 130
16 129
16 129
16 129
16 162
16 129
16 129
16 130
16 130
16 129
16 130
16 97
16 130
16 130
16 129
16 129
16 129
16 130
16 129
16 130
16 129
16 129
16 161
16 162
16 129
16 129
16 129
16 129
16 129
16 129
16 129
16 129
24 129
16 129
16 129
16 129
24 129
16 129
16 130
16 130
16 129
16 162
16 161
16 162
16 162
16 130
16 162
16 162
16 162
24 130
24 130
24 130
24 130
16 130
16 130
16 130
16 130
16 130
16 130
16 130
16 130
16 162
16 162
16 162
16 162
16 130
16 162
16 161
16 161
16 194
16 162
24 162
24 162
24 162
24 162
24 162
16 162
24 162
24 162
24 162
16 162
16 194
16 162
16 162
24 194
24 162
24 162
24 195
16 162
24 195
24 162
24 195
16 226
16 226
24 195
32 195
24 195
24 227
24 227
40 163
32 195
40 192
74 39
148 115
148 146
140 114
132 49
123 240
131 240
123 208
140 50
140 82
148 49
148 50
140 50
148 115
156 212
173 86
173 86
181 119
173 118
173 86
173 87
173 87
173 87
173 87
173 119
173 119
181 152
189 185
189 217
189 185
189 216
189 216
189 216
189 216
189 184
181 152
189 184
189 152
189 184
189 184
189 217
197 249
197 249
197 249
198 25
198 26
198 25
198 25
198 25
189 248
181 216
181 183
181 184
181 151
181 151
181 150
165 118
173 150
181 151
181 151
189 216
197 249
189 248
198 57
197 217
181 216
190 24
206 122
206 89
206 122
214 155
198 57
198 57
189 249
189 248
189 216
189 216
189 248
198 25
197 249
189 249
189 216
189 151
181 119
181 151
181 118
181 119
181 119
181 119
173 119
173 118
173 151
181 151
181 151
189 216
198 25
198 25
189 248
189 216
197 249
197 249
189 217
197 249
189 216
189 215
189 183
173 54
156 244
157 52
165 52
156 211
140 114
140 114
140 82
148 82
140 48
131 208
123 175
131 240
131 208
131 240
132 16
124 16
132 16
132 17
132 18
132 82
132 82
132 114
140 113
140 114
148 115
140 114
140 114
148 82
140 82
140 114
132 82
140 82
140 81
140 146
148 180
156 180
156 245
165 21
173 87
173 86
173 54
164 245
156 244
156 244
156 211
156 212
148 179
156 211
148 179
156 180
156 245
148 244
148 211
148 178
148 178
140 113
132 15
115 205
107 108
98 201
82 73
74 40
65 166
73 133
73 132
73 165
73 100
81 67
81 133
73 132
65 3
65 3
65 2
65 3
65 36
49 3
57 35
65 3
65 3
65 3
65 2
64 226
65 1
57 34
57 2
57 2
56 226
56 226
56 226
57 2
57 2
65 2
73 2
65 2
65 2
65 34
65 66
73 66
73 99
73 99
73 98
65 99
81 98
81 66
81 99
73 99
73 98
73 131
73 132
81 163
81 129
89 130
89 99
89 131
81 130
81 130
89 163
89 164
73 100
65 102
57 134
66 75
115 176
181 150
214 186
206 56
206 88
198 23
206 23
206 55
206 23
205 247
206 23
206 23
206 23
198 55
206 55
206 23
206 54
206 55
206 23
206 22
206 55
206 23
197 246
206 22
206 22
206 23
206 23
206 23
206 23
206 22
206 22
205 246
206 22
206 22
206 23
206 23
206 55
206 23
206 24
198 23
206 55
198 23
206 23
206 22
206 22
197 246
197 246
198 23
198 23
197 246
197 246
197 246
197 246
189 213
189 213
189 214
189 214
189 213
189 181
189 181
189 182
189 181
189 214
189 214
189 246
189 214
189 214
189 214
189 214
181 214
181 214
189 214
189 214
189 214
189 247
189 214
189 182
189 182
189 182
189 182
181 182
181 214
181 214
189 214
189 215
189 214
189 214
189 215
189 214
189 214
189 214
189 214
189 214
189 182
189 214
181 182
173 149
173 117
173 117
165 52
164 243
148 145
139 238
131 205
107 42
99 74
107 106
91 41
82 136
82 136
74 38
82 38
74 6
89 229
73 165
33 35
32 225
33 1
32 224
33 32
33 32
33 33
33 33
33 33
33 33
33 1
33 0
32 224
24 224
16 225
16 192
24 193
16 192
24 193
16 161
16 193
16 193
16 225
8 225
9 0
16 224
17 0
25 1
25 1
25 0
16 224
16 224
16 225
16 225
16 225
9 1
9 1
16 224
17 1
16 225
24 225
24 225
24 225
24 225
24 225
16 225
16 225
8 224
END_IMAGE:
NEW_IMAGE:
41 70
33 38
33 38
33 38
33 38
33 6
41 38
33 38
33 6
24 230
24 230
24 197
16 198
16 166
16 197
24 165
32 166
32 231
32 231
32 198
32 229
33 37
41 70
49 135
57 167
57 167
57 168
57 168
57 168
57 168
49 136
49 104
49 104
49 167
41 168
49 104
57 137
57 136
57 103
49 38
49 5
49 101
49 70
49 6
49 6
57 70
57 37
49 5
57 37
57 4
65 37
57 4
57 4
57 37
57 37
49 69
49 69
41 69
41 101
49 69
72 229
73 38
57 5
57 37
57 69
65 102
57 70
57 70
57 102
57 134
57 166
65 166
65 167
65 134
65 134
57 167
57 199
57 167
65 168
65 201
73 201
73 201
57 200
49 199
49 136
41 40
41 39
41 40
49 7
41 38
33 6
33 7
24 230
16 197
24 196
25 5
41 38
41 5
48 229
56 229
57 5
57 4
65 4
65 3
65 35
65 3
73 3
73 35
65 35
65 35
65 35
65 35
65 36
65 3
72 227
64 226
56 226
56 225
64 226
56 226
56 227
56 227
64 194
56 195
56 227
64 195
64 195
56 195
64 226
57 2
48 226
56 226
56 194
56 226
65 2
65 34
65 34
64 226
73 35
73 2
73 66
81 99
81 99
73 100
81 164
89 196
97 196
97 228
105 229
97 229
97 197
97 197
89 165
97 165
97 101
81 134
73 198
73 167
73 199
81 166
73 37
48 162
65 135
89 167
172 47
214 119
222 88
222 89
214 57
214 57
214 89
214 90
214 90
222 90
222 89
222 90
222 89
222 57
222 89
222 57
222 57
222 89
222 122
222 154
222 154
222 154
222 122
222 155
222 154
222 154
222 154
222 122
230 123
230 122
222 154
222 154
230 154
222 154
222 154
222 154
222 154
222 154
222 154
230 187
230 187
230 187
230 187
230 187
230 155
230 155
230 155
230 155
230 155
230 155
222 187
230 187
230 187
230 187
230 187
230 187
222 187
222 187
222 187
222 186
214 154
222 154
222 154
222 155
222 155
222 155
222 155
222 187
222 187
222 219
230 219
230 252
230 251
230 251
230 252
230 252
230 252
230 252
230 220
230 187
230 187
230 188
230 220
230 252
230 252
231 28
231 28
239 60
231 28
239 28
238 252
238 252
238 252
238 252
238 220
230 220
230 187
222 220
214 187
206 122
189 248
181 151
156 180
148 82
139 209
139 143
123 78
106 202
98 202
90 202
98 234
115 76
49 166
32 226
41 68
49 101
49 132
41 131
41 131
49 164
49 100
41 99
49 67
49 68
49 3
41 35
33 34
33 34
33 2
33 34
33 34
33 34
41 34
41 34
41 34
33 34
33 66
33 97
33 98
41 98
41 98
41 67
41 67
41 35
41 35
41 67
41 66
41 67
41 67
41 67
41 99
33 67
41 99
41 35
41 67
41 67
41 99
33 67
41 67
41 99
41 99
41 98
41 98
33 98
33 98
41 99
41 99
41 66
49 98
41 99
41 99
41 98
41 98
41 98
41 98
41 99
41 99
49 67
41 67
41 99
41 99
41 99
41 99
41 99
41 99
41 98
41 99
49 132
41 99
41 131
41 98
41 98
41 99
41 131
49 131
49 131
49 131
49 130
49 163
49 196
49 196
49 196
49 228
49 228
57 228
58 4
57 229
57 229
73 229
66 5
66 38
58 4
66 103
82 169
90 233
91 73
83 72
91 104
91 40
82 200
82 167
82 167
74 102
66 70
66 102
66 102
66 101
66 68
74 134
74 231
90 231
99 73
82 39
49 36
24 195
16 130
24 162
16 162
16 162
16 162
16 130
16 130
8 130
16 130
8 130
8 98
16 130
8 98
8 130
8 130
16 130
8 130
8 130
16 130
16 98
8 130
8 162
8 163
8 196
16 164
24 229
24 228
49 134
65 230
65 198
65 198
65 198
65 198
65 198
73 198
73 198
81 230
81 230
89 230
89 230
90 6
82 6
89 230
89 230
90 7
90 6
90 6
89 230
90 39
81 230
90 6
90 6
90 6
90 6
90 6
90 7
90 39
90 38
90 38
90 38
90 6
90 6
97 230
98 5
98 6
98 38
106 39
106 6
98 6
106 6
98 6
97 229
98 6
89 230
89 197
81 230
90 6
89 229
90 5
89 229
90 6
82 6
81 229
82 5
90 5
98 38
89 229
89 228
90 5
89 229
89 228
89 197
89 229
89 229
90 5
81 228
81 229
81 229
81 229
81 229
81 229
81 229
73 164
81 165
81 164
81 132
81 132
81 164
81 196
73 164
73 132
73 165
73 164
73 165
73 164
65 165
65 133
73 132
65 132
65 132
65 100
65 132
65 131
65 131
65 132
65 100
65 99
65 100
65 100
65 67
65 68
57 100
57 101
49 133
65 133
65 166
90 40
98 104
106 167
114 167
106 135
106 136
106 168
106 168
98 135
82 6
65 198
65 164
57 99
32 195
24 97
16 97
16 97
16 65
16 65
16 33
16 65
16 65
16 33
16 33
16 33
16 33
16 33
16 65
8 65
8 64
8 64
8 65
16 65
16 32
8 65
8 64
8 65
8 65
8 97
8 97
8 97
8 97
8 65
8 96
8 97
16 96
8 96
8 97
8 97
8 97
8 97
8 97
8 97
8 97
16 97
16 96
8 96
8 97
16 97
8 97
8 97
16 97
16 64
16 96
8 97
16 97
8 97
8 97
8 97
16 65
8 32
16 97
8 97
8 97
8 97
8 97
8 97
16 65
16 65
16 65
16 64
16 64
16 96
16 96
16 97
16 97
16 97
16 97
16 96
16 96
16 96
16 96
16 97
16 97
16 65
16 65
16 97
16 97
8 97
16 97
16 97
16 97
16 97
8 97
8 97
END_IMAGE:
NEW_IMAGE:
8 192
16 193
16 193
16 194
16 193
16 193
16 193
24 193
24 193
24 193
24 193
24 193
24 193
24 193
24 225
24 193
16 225
24 226
24 194
24 226
24 225
24 225
24 224
24 224
24 224
24 224
32 224
32 225
32 225
24 225
24 225
24 225
24 225
24 225
24 225
25 1
25 1
25 2
25 1
25 1
25 1
24 225
32 225
25 1
33 1
25 2
25 2
24 226
33 2
33 2
25 33
25 2
33 34
33 2
33 34
33 35
33 66
33 66
33 98
33 66
41 98
41 99
33 131
33 130
33 194
33 227
33 228
42 4
50 4
50 4
49 229
49 229
50 4
49 228
49 164
41 131
49 164
49 131
49 131
49 163
41 227
42 4
42 68
42 36
50 37
42 38
58 6
49 231
41 69
24 162
16 130
16 130
16 130
16 130
16 130
16 130
16 130
8 97
8 98
8 98
8 98
8 97
8 97
8 97
8 97
8 97
16 130
8 130
8 130
16 98
16 98
8 98
16 98
16 97
16 98
8 130
16 130
8 130
16 130
24 98
24 98
16 65
16 162
24 225
49 164
66 72
58 39
66 7
66 7
66 8
66 7
66 40
66 40
66 7
66 40
66 39
74 39
66 39
66 40
66 8
66 40
74 39
74 6
66 39
58 7
58 7
65 166
49 134
33 36
24 228
24 195
32 195
32 227
32 227
32 227
40 227
40 226
41 2
49 35
49 2
49 2
49 1
40 193
40 160
40 193
40 160
49 1
57 35
57 2
49 2
41 34
41 2
33 35
32 225
49 68
49 101
49 133
57 198
57 133
49 68
41 36
32 227
40 195
40 227
49 3
49 3
73 132
90 6
81 229
81 229
81 228
81 228
81 196
81 197
73 164
81 164
81 164
81 164
81 132
81 164
81 164
81 164
81 164
81 196
81 164
81 228
89 196
81 228
89 228
81 229
89 229
90 5
81 229
81 229
81 229
89 229
90 5
90 5
90 5
90 5
90 5
90 36
90 5
89 229
89 229
90 5
90 5
89 228
98 4
106 134
106 167
114 167
122 232
123 8
115 8
115 39
123 73
123 107
98 202
65 198
65 230
57 134
40 228
24 97
24 97
24 129
24 97
24 129
24 97
16 97
16 129
16 97
16 129
8 97
16 97
8 97
16 97
16 97
16 97
16 97
16 64
8 64
16 96
16 97
16 97
16 97
16 97
16 97
16 65
16 97
16 97
16 97
16 97
16 97
16 97
16 97
16 97
16 97
24 98
16 97
24 65
24 97
24 97
24 97
16 97
16 97
24 97
24 97
16 97
24 97
24 97
24 97
24 97
24 97
24 97
24 97
16 97
16 97
24 97
24 97
24 97
24 97
24 97
16 97
16 129
16 129
16 97
16 129
24 129
24 130
16 130
16 162
24 162
24 130
16 130
24 161
24 161
16 161
16 129
16 130
16 130
16 129
24 130
24 130
24 130
24 161
24 161
16 162
16 162
16 162
24 129
24 130
24 129
24 130
24 130
24 130
24 98
24 130
24 130
24 130
24 130
16 130
16 130
16 161
16 161
16 129
16 130
16 130
24 129
24 129
24 129
24 129
24 129
16 129
16 130
16 129
24 130
24 130
24 130
24 130
24 162
24 162
24 162
24 194
24 194
24 195
24 227
32 195
24 195
33 4
49 133
57 199
65 166
57 166
57 199
57 167
49 233
58 9
82 203
132 114
131 240
123 240
123 207
123 207
132 15
124 16
140 46
131 171
57 166
24 97
32 162
24 194
24 194
24 162
24 162
24 130
24 130
24 130
24 130
24 98
24 98
24 98
16 98
16 98
16 130
16 98
16 98
16 130
24 131
24 130
24 131
16 130
0 165
17 106
91 45
116 49
123 240
123 207
123 208
123 209
123 240
123 207
131 240
132 16
131 240
132 17
132 17
132 48
132 48
132 49
132 49
132 49
140 81
132 81
140 81
140 113
140 113
140 113
140 114
148 114
148 146
148 146
156 146
156 178
156 178
156 179
156 211
156 211
156 211
156 211
156 243
164 243
164 243
164 243
164 243
164 243
164 243
165 19
165 19
165 19
165 19
164 243
172 243
172 243
148 113
148 82
164 243
173 52
165 20
173 20
173 20
173 20
173 20
165 20
165 52
165 20
173 20
165 19
165 20
165 20
165 20
165 20
165 20
165 20
165 20
165 20
165 52
165 52
165 20
165 20
165 19
165 19
165 20
165 20
165 20
156 243
164 243
156 243
156 243
165 19
156 243
165 20
165 20
164 244
165 20
164 243
164 244
164 244
156 243
164 244
165 20
165 20
165 20
165 20
164 244
165 20
165 20
165 20
165 20
165 20
165 20
165 20
165 20
165 20
165 52
173 116
172 242
148 47
107 12
98 203
107 12
107 12
99 12
90 235
99 12
99 11
99 12
99 11
99 12
99 11
99 44
99 44
99 44
107 44
107 44
107 43
115 108
123 172
107 11
90 169
90 105
82 73
90 73
90 73
90 72
82 7
66 8
73 167
90 40
90 138
66 41
49 103
41 168
25 69
82 170
123 207
123 174
123 174
115 44
115 44
115 44
115 11
115 12
115 110
115 175
115 175
132 48
148 113
156 112
148 112
148 113
140 15
131 174
131 174
131 205
139 238
156 12
164 12
147 136
139 99
139 36
139 69
131 4
114 163
122 233
115 77
107 44
107 11
139 106
147 201
114 166
106 5
89 100
65 35
49 68
57 68
41 37
49 70
65 165
81 229
73 100
65 35
65 67
57 3
65 35
65 3
65 3
57 4
48 228
41 4
33 37
41 71
49 169
58 74
58 73
82 236
123 173
140 80
139 172
98 103
33 68
16 162
25 4
33 36
33 35
33 67
33 3
24 195
24 227
24 195
END_IMAGE:
NEW_IMAGE:
0 32
8 32
8 32
0 32
0 32
0 32
0 32
0 32
0 32
0 32
8 65
8 65
8 65
0 32
8 65
8 65
8 65
8 33
8 64
8 32
8 32
8 32
8 32
8 33
8 32
8 65
8 32
8 32
8 32
8 32
8 32
8 65
8 65
8 65
8 32
0 32
8 32
8 65
0 65
8 65
8 64
8 32
8 32
8 33
8 65
8 65
8 65
8 65
8 65
8 65
8 65
8 65
8 65
8 65
8 33
8 33
8 65
8 65
8 65
8 65
8 65
8 65
8 65
8 33
8 33
8 33
8 0
8 32
8 65
8 65
8 65
8 65
8 65
16 33
8 64
8 64
24 194
24 195
32 195
32 195
32 227
33 3
24 227
25 34
49 133
49 233
49 232
49 201
49 201
57 233
49 201
42 10
50 9
49 237
41 73
16 98
8 98
8 65
8 97
8 65
8 65
8 65
8 65
8 65
8 65
8 65
8 65
8 65
8 65
8 65
8 65
8 65
8 64
8 97
8 97
8 97
8 97
8 64
16 97
24 32
16 65
16 194
41 133
58 74
50 42
50 10
58 11
58 10
58 10
66 10
66 42
66 11
66 42
66 42
74 43
66 42
66 74
66 75
74 75
74 75
74 107
74 76
74 108
74 107
82 108
82 108
82 108
82 108
82 139
82 171
82 171
82 172
90 172
90 173
90 173
90 205
90 237
90 205
98 205
98 205
98 237
98 237
99 13
99 13
99 13
99 13
99 13
107 46
99 46
99 13
99 45
98 236
98 205
90 236
99 45
107 78
107 45
107 45
107 77
107 77
107 77
107 77
107 78
107 46
107 46
107 78
107 77
107 78
107 78
107 78
107 78
107 46
107 78
107 78
107 78
107 79
107 78
107 46
107 47
107 47
107 47
107 47
107 47
107 47
107 79
107 46
107 78
107 78
107 46
107 79
107 47
107 79
107 79
107 111
107 111
107 111
115 79
115 111
115 111
115 143
115 143
115 143
115 111
115 111
115 111
115 111
115 143
115 144
115 143
115 143
115 142
115 240
115 175
98 235
57 200
57 231
66 40
66 8
66 8
65 232
66 8
65 232
65 232
73 232
65 233
73 201
73 233
81 233
89 233
82 73
82 138
82 72
90 137
115 142
123 175
123 145
99 14
73 232
73 199
73 232
82 8
81 232
81 232
82 8
82 40
82 40
82 73
82 73
98 137
98 171
82 138
82 74
73 234
57 167
57 167
57 167
57 199
65 134
73 167
73 70
73 6
57 70
41 101
57 199
74 8
82 74
82 106
90 173
82 107
57 133
41 35
49 3
57 35
49 68
49 3
32 227
16 163
16 65
32 161
48 193
56 162
56 194
56 162
48 226
40 227
40 228
40 227
40 227
48 227
48 195
40 226
32 226
41 3
41 4
49 36
48 227
41 36
33 36
41 134
58 42
66 75
66 43
74 73
66 41
66 40
66 7
33 36
24 130
48 226
57 68
48 228
32 196
24 229
16 164
24 196
24 163
40 226
49 33
40 194
32 161
32 162
24 163
24 195
24 195
16 163
24 164
24 164
24 132
24 165
24 132
24 195
24 194
32 163
32 195
32 195
56 129
80 64
80 128
88 192
89 98
97 97
89 66
72 226
65 2
65 35
57 36
57 36
49 68
33 38
33 39
49 102
48 226
64 99
48 66
48 131
48 33
64 98
80 99
104 68
112 3
112 99
120 99
112 37
80 131
73 100
98 169
98 170
106 202
106 170
98 137
90 105
82 72
90 137
90 105
90 105
90 105
90 137
82 105
90 137
90 137
90 137
90 105
90 105
90 105
90 105
90 137
90 105
90 105
90 137
90 105
90 137
90 137
90 137
90 137
90 137
90 137
98 105
90 105
98 137
98 137
98 137
98 137
98 137
98 105
98 106
90 138
90 105
90 137
90 137
90 137
90 137
90 137
90 137
90 137
90 137
90 105
90 105
90 105
74 41
90 75
115 11
123 42
98 170
90 40
90 72
90 72
82 41
74 73
90 203
107 109
115 141
123 141
139 46
106 236
57 232
74 204
123 239
123 239
131 239
131 239
132 15
132 15
140 15
140 16
140 48
132 16
132 16
132 16
132 15
132 15
132 15
132 15
132 15
132 15
140 16
140 16
131 239
131 239
131 240
131 239
131 239
131 239
132 15
131 239
123 207
131 239
131 239
131 239
131 207
131 239
131 207
131 207
123 207
123 207
123 207
123 207
123 207
123 207
123 206
123 207
123 206
123 207
123 174
123 206
123 206
123 206
123 174
123 174
123 174
115 142
123 174
123 174
123 174
123 174
123 174
123 174
123 174
123 174
123 174
123 142
123 174
123 174
123 174
123 174
123 174
123 174
123 174
123 174
123 174
123 174
123 174
123 174
115 174
115 174
115 142
115 174
115 142
123 174
123 174
115 174
115 174
115 174
115 174
123 206
115 174
115 142
115 142
115 142
123 142
123 142
123 142
115 141
123 142
115 142
115 142
115 142
115 142
115 173
115 142
115 142
123 141
123 142
123 142
115 142
115 141
115 142
115 141
115 174
115 142
115 142
115 142
115 174
115 142
115 174
115 142
123 174
123 142
123 174
123 174
115 173
123 174
115 174
115 142
115 174
115 174
115 174
123 141
115 141
107 173
115 141
123 141
123 173
131 141
123 174
115 141
107 109
107 108
107 76
99 11
90 170
82 169
90 169
90 104
82 168
82 168
82 136
82 70
57 198
82 5
82 70
49 134
41 36
33 3
32 192
48 192
48 225
56 160
56 225
32 162
24 163
16 130
8 130
16 162
16 130
16 130
16 130
16 99
16 98
16 98
16 98
16 98
16 98
16 98
16 65
24 98
8 97
0 195
17 36
58 37
99 42
END_IMAGE:
NEW_IMAGE:
8 97
16 65
16 65
16 162
16 226
16 227
17 3
25 3
25 4
24 228
24 227
24 227
24 195
24 227
16 227
16 195
16 195
16 195
16 162
16 162
16 130
8 130
8 66
0 33
8 66
0 32
8 97
16 163
24 196
16 132
24 196
24 228
16 229
17 5
25 5
17 6
25 6
16 131
8 66
8 33
0 32
8 32
16 128
24 195
8 130
8 97
8 98
8 97
8 98
8 66
8 97
32 0
64 0
72 33
72 33
64 33
56 65
48 97
32 161
32 195
24 162
24 195
32 227
32 194
24 129
16 162
16 226
24 227
33 3
24 227
24 227
32 227
32 227
32 162
32 130
48 66
56 2
56 34
56 66
56 67
56 67
48 99
32 162
24 226
41 68
49 167
41 102
41 101
49 101
49 101
41 101
41 102
41 101
41 102
41 101
41 102
41 101
41 102
49 102
49 102
49 102
41 102
41 102
41 134
41 134
41 101
49 102
49 102
49 134
49 134
49 134
49 134
49 134
49 134
49 134
49 134
49 134
49 134
49 134
49 134
49 166
49 134
49 134
49 134
49 134
49 134
49 134
49 135
49 166
49 135
49 134
49 134
49 134
49 134
57 166
49 134
49 134
49 134
49 101
57 232
66 10
57 169
57 104
57 102
49 134
57 102
65 102
65 133
57 198
74 74
74 42
74 139
58 106
49 35
49 36
82 74
90 172
82 140
82 204
82 204
82 172
90 205
90 204
90 204
90 236
90 205
90 205
90 205
90 237
90 236
90 236
90 236
90 237
90 204
90 236
90 204
90 204
90 204
98 172
90 172
90 204
90 204
90 204
90 236
98 205
90 204
90 204
90 204
90 204
90 204
90 204
98 236
90 204
98 204
90 204
90 204
90 204
90 204
90 204
90 236
90 204
90 204
90 204
90 236
90 237
90 204
90 236
90 204
98 172
90 204
90 204
90 204
90 204
90 204
90 236
90 236
98 236
90 236
90 236
90 236
90 236
98 237
98 237
98 237
98 237
90 236
90 236
91 12
99 12
99 12
99 12
99 12
99 12
99 12
98 236
98 236
99 13
98 237
98 237
98 237
98 237
98 237
99 12
99 13
99 12
99 13
106 236
106 237
106 236
99 12
99 12
99 12
99 12
99 13
107 45
99 12
107 12
99 12
99 44
99 44
99 44
107 13
107 12
107 45
99 13
99 12
99 45
115 46
98 172
82 8
82 73
90 138
90 170
90 170
90 170
90 171
90 170
90 202
98 202
98 170
98 202
90 170
98 203
98 235
98 235
99 11
98 235
98 235
98 203
98 235
98 202
98 202
98 202
90 170
90 169
98 203
82 137
81 197
90 6
114 136
114 39
89 99
81 34
89 165
73 68
64 225
64 224
65 99
57 33
40 162
16 130
8 32
16 97
16 65
8 65
16 65
16 65
16 65
16 33
16 65
16 65
16 32
16 65
16 65
16 64
16 65
24 64
16 64
24 96
24 96
40 64
40 65
40 65
32 97
32 129
32 129
32 129
32 129
40 130
32 97
32 162
32 96
72 192
97 163
73 66
73 34
65 1
64 225
64 225
73 33
89 98
97 131
89 130
97 161
113 194
114 4
81 198
80 227
81 5
90 8
90 137
106 201
98 169
98 169
98 169
98 202
106 234
106 234
114 202
106 234
98 235
98 235
107 11
98 235
99 11
99 11
99 11
98 235
98 234
98 202
98 201
98 201
98 234
114 201
97 167
80 196
48 196
40 195
49 101
49 166
73 166
65 166
65 199
65 199
57 199
57 199
74 73
82 138
90 203
98 236
98 203
107 12
107 12
107 44
107 44
107 44
115 109
115 109
115 109
115 109
115 109
107 77
115 77
107 77
107 77
115 77
115 77
115 77
115 110
115 77
115 109
115 77
115 77
107 77
115 77
115 45
115 77
115 77
115 77
107 77
107 77
107 77
107 77
107 45
107 45
107 45
107 45
107 12
107 77
107 45
107 45
107 44
107 45
107 45
107 44
107 44
107 44
99 12
107 12
99 12
99 44
99 44
107 44
99 12
99 44
99 12
99 12
99 44
99 12
99 12
99 12
99 12
99 12
99 12
99 12
99 12
98 236
99 12
99 12
99 12
99 12
99 12
98 236
98 236
98 236
98 236
98 236
98 236
98 236
99 12
98 236
98 236
98 236
98 235
98 235
98 236
98 235
90 203
98 235
99 12
99 12
98 235
99 11
90 235
90 235
90 235
98 235
90 235
98 203
90 235
90 203
90 203
90 203
90 203
90 203
90 203
90 203
90 203
90 171
90 171
106 234
114 231
57 199
33 6
57 231
74 138
82 105
82 138
82 169
90 167
66 8
49 103
66 8
82 170
90 171
90 203
82 203
82 171
90 203
90 203
90 171
90 203
82 203
90 203
90 170
90 170
90 170
90 170
90 203
82 138
82 170
82 170
82 170
82 170
82 170
82 138
82 170
82 138
82 138
90 138
82 106
90 138
90 138
90 138
90 138
82 137
82 137
82 138
82 138
82 138
82 138
82 138
82 138
82 106
82 105
82 138
74 105
82 138
82 138
74 106
82 106
82 138
82 106
74 105
74 105
74 105
74 105
74 105
74 105
74 105
82 73
74 73
74 105
74 105
74 73
74 105
74 73
74 73
74 73
74 41
74 73
74 73
74 73
74 73
66 73
66 73
74 73
74 73
74 73
74 73
74 73
74 73
66 40
74 72
66 40
66 40
66 40
66 40
66 40
66 40
66 40
66 40
66 8
66 40
66 41
66 40
66 40
66 40
66 8
66 72
66 40
66 40
66 41
66 8
66 8
66 8
66 8
66 8
66 8
66 8
66 8
57 232
66 8
58 8
66 8
66 8
66 8
58 8
57 232
57 232
END_IMAGE:
