NEW_IMAGE:
8 96
8 96
8 128
8 129
8 128
8 128
8 128
8 128
16 128
16 128
16 128
8 129
8 128
8 128
8 128
8 128
8 128
16 97
16 129
16 129
16 129
8 97
8 128
8 128
8 128
8 128
8 128
16 129
16 129
16 97
16 65
8 64
8 64
0 64
8 64
8 64
8 64
8 64
8 64
0 64
0 64
0 64
8 64
8 64
8 64
8 64
8 64
8 64
8 64
8 64
8 64
8 64
8 64
8 64
8 64
8 64
8 64
8 65
8 64
8 64
8 64
8 64
8 64
8 64
8 64
8 64
8 64
8 96
8 64
8 96
8 64
8 64
8 64
8 64
8 64
8 64
8 64
8 64
8 64
8 64
16 97
8 97
8 97
8 97
16 97
16 96
16 129
24 32
32 96
41 99
74 72
91 13
82 235
74 171
90 235
91 12
90 236
91 12
90 236
99 12
90 236
90 236
91 12
90 236
91 12
91 12
99 44
91 12
91 12
91 12
90 235
90 235
99 12
90 203
90 203
82 137
82 170
91 45
99 142
99 109
99 77
99 44
99 44
99 44
99 44
99 44
99 44
99 45
99 77
99 45
99 45
99 44
99 44
99 44
99 44
99 45
99 45
99 77
99 77
99 77
99 45
99 77
99 77
99 77
99 45
99 45
99 77
99 45
99 77
99 77
99 77
107 109
107 77
107 77
107 45
107 110
99 77
107 77
107 77
107 78
107 77
107 77
107 77
107 110
99 45
99 78
99 110
99 77
107 77
107 77
107 109
107 110
107 77
107 77
107 110
99 77
107 109
107 110
107 110
107 109
107 77
107 110
107 110
107 110
107 110
107 110
107 110
107 110
107 143
107 110
107 110
107 110
107 110
107 110
107 110
107 110
107 110
107 110
107 110
107 110
107 142
107 110
107 111
107 111
107 143
107 142
115 142
115 143
107 142
107 143
107 110
115 143
107 143
107 110
115 142
115 143
115 174
115 175
115 174
115 143
115 142
115 142
115 175
115 142
115 142
115 142
115 142
115 142
115 174
107 142
107 142
115 174
115 142
115 142
115 175
115 175
115 175
115 175
115 175
115 175
115 175
115 176
115 175
115 143
115 143
115 175
115 175
115 175
115 175
115 175
115 175
115 175
115 175
115 175
123 175
115 175
115 175
115 175
115 207
115 175
123 207
115 207
115 175
115 207
115 207
115 207
115 207
123 208
123 176
123 176
123 176
123 208
115 208
115 175
115 175
115 207
115 207
115 207
115 207
115 207
115 208
115 208
123 208
123 208
123 176
123 176
123 176
123 176
123 176
123 176
123 176
115 175
123 207
123 240
123 240
123 207
123 207
123 207
123 207
123 208
123 208
123 207
123 208
123 208
123 240
123 208
123 208
123 176
123 208
115 175
123 240
123 207
123 240
123 207
123 239
123 240
123 240
115 208
115 208
115 207
115 207
123 207
123 207
115 175
123 175
115 176
115 176
115 176
115 176
115 209
107 176
115 175
123 207
147 239
114 170
89 99
72 227
72 194
80 161
80 161
80 129
80 129
80 129
72 160
64 129
72 97
72 64
72 64
72 64
80 64
80 64
72 97
64 64
72 64
72 64
72 64
72 64
80 64
72 64
72 64
80 64
72 64
72 64
72 64
72 64
72 64
72 64
72 64
72 64
80 65
72 64
80 65
80 64
80 64
80 64
80 64
80 64
88 65
88 65
88 33
88 64
88 32
88 64
88 32
88 32
88 32
88 32
88 64
88 64
88 64
88 64
88 64
96 64
96 64
96 32
96 32
104 32
96 32
96 64
96 32
96 32
96 64
96 64
104 32
112 32
112 32
104 32
104 32
104 64
104 32
112 32
112 0
112 0
112 33
112 32
112 32
112 32
112 32
112 32
112 32
112 32
112 32
112 32
112 32
112 64
112 32
112 65
112 32
120 0
120 32
120 32
120 64
120 65
120 65
120 65
120 33
120 65
120 65
120 96
120 96
120 96
120 96
120 96
120 97
120 96
128 128
120 128
128 96
128 128
128 128
128 96
128 96
136 96
136 96
136 96
128 128
136 96
128 128
128 128
128 96
136 129
136 64
136 97
136 97
136 128
128 97
128 129
136 129
128 97
136 129
136 128
136 129
136 129
136 97
136 161
136 129
136 129
136 129
136 129
136 129
136 129
136 129
144 128
144 129
144 129
144 128
152 129
144 129
144 128
144 161
144 161
144 129
144 129
144 129
144 129
144 97
144 97
144 162
136 129
136 161
136 161
136 161
136 192
136 192
136 160
136 192
136 160
136 129
144 161
136 160
136 193
136 192
136 192
136 193
144 193
136 193
136 163
120 196
121 8
113 171
106 173
106 239
99 46
91 78
91 78
91 78
91 77
91 78
91 78
91 78
91 78
91 78
91 78
83 46
83 78
91 78
91 78
91 78
91 78
91 78
83 78
91 78
91 78
91 46
91 46
83 46
83 46
83 46
91 45
91 45
91 45
91 45
91 78
83 46
83 46
83 46
83 46
83 46
83 46
91 14
91 13
83 13
83 45
83 13
83 45
83 13
83 13
83 14
83 46
83 14
83 13
83 13
83 13
83 13
75 13
75 13
75 13
75 13
83 13
83 13
75 13
75 13
75 46
75 14
75 14
74 238
74 238
74 238
74 238
74 238
82 237
74 205
74 205
74 237
74 237
74 237
74 237
74 237
74 237
74 237
66 237
66 237
66 237
66 237
66 205
66 205
66 205
66 205
66 205
66 205
66 204
66 204
66 172
66 172
74 172
74 172
74 140
66 140
66 172
66 205
66 204
58 205
58 205
58 172
58 172
58 205
58 173
50 173
58 205
58 173
58 173
58 140
58 140
58 173
58 140
58 140
58 140
58 173
50 173
50 141
END_IMAGE:
