last fall found
last fall found
last fall found
rise found
rise found
rise found
rise found
last fall found
last fall found
last fall found
last fall found
NEW_IMAGE:
49 134
41 134
49 166
49 134
49 134
41 134
49 166
41 134
49 134
49 166
49 166
49 166
49 166
49 166
49 166
49 166
49 166
49 198
41 199
41 198
41 198
41 198
41 198
49 199
49 166
57 167
57 199
49 199
49 199
49 199
49 231
57 199
57 199
57 199
57 199
49 199
49 231
49 232
50 8
49 231
49 231
49 232
50 7
49 231
49 199
49 231
49 232
49 232
49 232
49 232
50 8
42 7
50 7
50 8
57 232
57 232
57 232
49 232
58 8
49 231
50 9
49 233
49 232
58 9
58 8
57 232
58 8
57 232
66 8
58 8
50 40
49 232
58 8
58 8
58 8
58 8
58 40
58 40
58 40
66 40
66 40
66 40
66 40
66 40
66 41
66 40
66 40
66 41
66 40
66 40
66 40
66 73
58 73
58 41
66 73
58 73
66 105
66 73
66 72
66 105
58 73
66 73
66 41
66 41
66 41
66 8
74 73
66 40
66 73
74 105
66 40
74 73
74 73
66 73
74 73
66 73
74 106
66 74
66 73
66 73
66 73
66 73
66 73
74 73
74 73
66 41
66 73
74 106
66 105
74 73
74 74
74 74
74 73
74 73
74 106
74 73
74 106
74 106
74 105
66 105
66 105
66 138
74 105
74 105
74 105
74 105
74 105
74 105
74 138
74 105
74 106
74 106
74 106
74 106
74 106
74 105
74 106
82 107
82 138
82 139
74 106
74 106
74 138
82 138
82 138
82 139
74 138
74 138
82 138
74 138
82 138
74 138
74 138
82 170
82 170
82 170
82 170
82 170
82 170
82 170
82 138
82 138
82 138
82 170
82 170
82 138
82 170
74 139
82 204
82 139
82 139
82 107
82 171
82 139
90 203
82 171
90 203
82 171
82 203
82 203
82 203
74 203
82 204
82 171
90 203
82 203
82 203
82 203
90 235
82 204
82 204
82 203
82 203
82 204
82 203
82 203
90 203
91 12
90 236
90 235
90 236
90 203
90 236
90 203
90 203
90 236
90 203
90 236
90 204
98 236
98 236
90 235
90 235
98 236
90 236
91 12
91 12
90 235
99 12
91 12
99 44
91 12
91 44
91 12
91 12
99 44
91 44
91 12
99 77
99 12
99 12
99 45
99 45
99 12
99 12
91 12
91 45
91 45
99 45
99 44
99 44
99 44
91 44
99 45
99 45
99 45
91 45
99 45
99 77
91 12
99 77
99 45
99 78
99 45
99 45
107 46
107 46
107 78
99 78
99 77
99 77
99 77
99 77
99 77
99 110
99 77
99 78
99 45
99 45
99 45
99 45
99 77
99 110
99 46
99 79
99 46
99 110
99 77
99 77
99 77
99 110
99 110
99 110
99 79
99 78
99 78
99 46
99 77
99 78
91 77
91 77
99 78
107 142
99 78
99 78
99 78
99 79
99 79
99 78
99 46
99 77
107 142
99 78
91 78
99 78
99 46
99 45
91 78
99 78
107 111
99 79
99 47
99 79
99 79
99 46
99 79
99 47
99 47
99 47
99 79
99 79
99 111
99 78
91 78
91 78
83 45
91 110
99 78
99 78
99 78
99 78
99 78
99 78
99 78
99 78
99 46
99 46
91 45
99 78
99 110
99 111
99 78
99 79
99 79
99 47
99 47
99 47
99 15
107 47
99 46
91 47
91 47
91 47
91 79
91 78
91 46
91 46
99 78
99 46
99 46
91 46
91 46
91 14
99 47
99 47
91 47
83 47
91 80
91 49
91 49
91 145
91 179
107 210
116 18
107 209
116 19
115 210
107 79
107 143
115 208
107 175
99 175
107 175
107 110
107 142
107 111
115 110
107 109
107 109
107 109
99 109
99 44
99 77
107 77
107 77
107 109
107 109
107 109
99 11
90 202
90 235
90 236
90 204
90 204
90 205
90 205
90 205
90 205
90 236
90 204
90 236
91 45
90 236
90 237
98 237
90 236
90 236
90 237
90 237
90 237
98 237
90 237
83 13
90 237
90 237
74 237
83 45
83 14
82 238
83 13
74 237
90 237
90 237
90 205
90 237
82 237
82 236
82 236
82 236
82 236
74 204
82 236
82 203
90 235
106 202
82 6
57 101
41 36
41 36
33 4
33 3
33 36
41 36
41 36
41 36
41 36
41 68
41 69
41 69
33 69
41 133
49 166
49 134
49 134
49 166
41 134
49 134
41 133
49 166
49 134
49 166
49 166
49 166
49 166
49 134
49 166
49 198
49 134
49 166
49 166
41 134
41 134
49 133
49 133
41 101
49 101
49 101
49 101
49 101
41 100
41 67
33 99
33 68
33 36
33 4
33 4
41 5
33 5
25 38
25 72
33 135
33 38
41 69
41 69
41 72
33 106
34 11
50 174
58 238
67 79
75 78
83 111
75 77
83 77
83 45
83 45
83 45
83 45
91 12
82 203
82 168
82 37
57 132
49 99
33 35
25 3
25 3
24 226
33 3
32 227
24 194
33 2
33 2
32 226
32 226
24 226
32 227
32 226
32 226
32 227
32 227
32 227
33 3
32 226
32 226
32 226
32 226
32 226
32 226
32 226
33 2
32 227
32 226
32 226
32 226
32 194
32 226
32 226
32 226
32 227
32 227
32 227
32 226
24 227
24 227
33 3
24 226
32 226
32 226
32 227
32 227
32 227
32 227
32 226
32 226
32 226
32 227
24 226
24 226
25 2
24 226
24 226
32 226
32 226
32 226
32 226
32 226
24 226
32 227
32 227
32 194
32 227
32 226
32 194
32 226
32 227
32 195
32 227
32 227
24 194
32 227
24 227
24 227
24 227
24 227
24 195
24 226
24 226
32 227
24 195
32 195
24 194
32 195
32 194
24 226
24 194
24 226
25 2
24 227
24 194
END_IMAGE:
NEW_IMAGE:
49 34
49 2
49 2
49 67
49 66
49 66
49 66
49 66
49 66
49 34
49 66
49 34
49 34
49 35
49 34
49 66
49 66
49 34
49 34
49 34
49 33
49 33
49 66
49 66
49 34
49 34
49 34
49 2
57 34
57 34
57 34
57 2
57 2
49 1
57 33
49 33
49 65
57 97
49 65
49 65
49 98
49 66
57 99
57 99
57 99
57 67
57 67
57 99
49 67
57 99
57 66
57 66
57 34
57 34
57 34
57 34
57 33
57 33
57 33
57 1
57 34
65 3
65 2
57 2
57 2
57 34
49 34
49 66
49 66
49 66
57 34
57 2
57 2
57 2
57 34
57 34
57 34
57 34
57 34
57 34
57 34
57 1
57 1
57 33
57 33
57 34
57 34
57 34
49 34
57 34
57 2
57 33
57 33
57 33
57 34
49 34
49 66
57 33
57 33
65 66
57 33
57 33
49 33
49 65
49 33
57 65
57 33
57 34
57 34
57 34
57 34
57 2
57 34
57 34
57 34
57 34
57 34
57 34
57 2
57 35
57 35
57 34
57 34
57 34
57 34
57 34
57 66
57 34
65 66
57 34
57 66
57 34
65 33
57 34
57 34
57 66
57 34
57 34
57 34
57 35
57 67
65 67
65 35
57 66
57 67
57 67
57 99
57 66
57 66
57 66
57 67
65 99
57 34
57 34
57 34
57 35
57 35
65 68
65 34
57 66
49 66
57 34
57 33
65 99
57 34
57 34
57 2
56 226
56 226
56 227
57 1
49 1
48 225
49 1
40 225
49 1
40 226
41 2
56 224
48 161
48 225
48 225
40 161
40 193
40 193
40 193
40 193
40 194
48 129
40 129
40 161
40 161
40 129
40 128
40 128
40 161
40 161
48 96
64 65
48 161
32 194
40 227
40 227
40 227
41 3
49 69
41 69
41 69
49 134
57 198
49 199
57 166
74 7
74 40
74 40
74 72
82 105
98 202
90 170
90 138
98 138
98 138
90 138
90 137
98 104
98 137
98 201
90 201
90 202
90 170
82 137
82 170
82 170
82 137
82 170
82 170
82 170
82 170
82 170
90 171
82 138
82 106
82 105
74 73
74 105
82 170
74 105
74 105
74 105
82 105
82 105
82 105
74 105
82 169
82 137
66 40
74 105
74 105
74 105
74 72
74 40
74 40
90 40
82 72
82 72
74 40
82 40
82 72
82 72
74 6
74 6
74 39
82 39
82 39
82 39
82 8
82 40
82 39
82 40
74 41
82 138
90 171
90 171
90 203
90 171
90 203
98 171
106 236
98 203
107 12
99 12
107 12
115 77
115 45
115 45
107 76
107 45
107 78
107 46
107 77
107 77
99 77
99 77
91 77
91 110
99 45
107 45
99 45
99 46
91 45
91 78
107 78
107 46
99 13
99 77
99 45
107 45
107 46
107 77
107 77
99 44
99 45
99 45
99 46
107 46
99 46
99 46
99 46
99 46
107 78
99 46
107 46
107 14
107 14
107 46
99 46
99 79
99 46
99 79
99 46
99 46
99 45
99 77
107 77
99 45
99 45
107 45
99 45
107 77
107 45
99 13
99 46
99 46
99 46
99 46
99 45
99 78
99 78
99 77
99 77
107 77
107 46
107 46
99 14
107 46
107 46
107 14
107 46
99 46
107 78
99 45
99 45
99 45
99 78
99 45
99 45
99 77
99 45
99 45
99 78
99 77
99 78
99 45
99 46
99 46
99 14
99 46
99 46
99 46
99 45
99 13
99 13
99 13
99 45
99 45
99 45
107 45
99 45
99 45
99 45
99 45
99 45
107 46
107 46
99 13
99 46
99 46
99 46
99 78
99 46
99 45
99 45
99 45
99 13
107 78
99 14
107 14
99 14
99 14
99 45
99 45
107 78
99 77
107 78
99 14
99 13
107 14
99 46
99 14
99 45
99 13
99 45
99 45
99 77
99 45
99 45
99 45
99 45
99 45
99 45
99 45
99 13
99 13
99 13
99 13
99 13
99 13
99 13
99 13
91 12
99 13
99 12
99 12
99 13
99 13
99 13
99 45
99 45
91 45
99 77
91 13
91 13
99 13
99 13
99 13
91 13
99 13
99 13
99 13
99 13
99 13
99 13
98 237
98 236
98 237
98 237
98 237
98 237
98 237
98 237
98 237
99 13
90 237
90 237
90 237
90 205
90 237
90 237
90 237
90 236
90 236
90 236
90 236
90 237
90 237
90 237
90 236
90 236
90 236
90 236
90 236
82 236
82 236
90 236
90 204
90 236
90 204
90 204
98 236
90 204
90 236
90 237
82 237
82 237
90 237
90 237
90 205
90 237
90 205
90 204
82 204
82 204
82 204
90 204
90 204
90 204
82 236
82 236
82 237
82 237
82 204
82 172
90 204
82 204
82 204
82 204
82 204
82 204
82 172
82 172
82 204
82 172
90 204
82 172
82 172
82 204
82 172
82 173
82 172
82 171
82 171
82 139
82 171
82 171
82 171
82 171
82 171
82 171
82 171
82 139
82 171
82 171
82 171
82 138
82 171
82 171
82 139
82 139
82 171
82 140
82 172
82 139
82 172
82 140
74 140
74 140
82 140
74 107
74 139
74 171
74 171
74 139
74 140
74 140
74 140
74 107
82 107
82 139
82 139
82 139
82 171
74 139
74 139
74 139
74 139
74 139
74 107
74 107
74 107
74 107
74 107
74 139
66 107
66 107
66 139
66 139
66 107
66 107
66 107
74 106
74 106
74 107
74 106
66 107
66 107
66 107
66 106
66 107
66 107
66 107
74 107
74 75
74 75
74 74
74 42
74 75
74 75
66 74
66 107
58 74
66 106
66 106
66 106
66 106
74 74
74 74
74 42
66 43
58 75
58 75
END_IMAGE:
NEW_IMAGE:
41 68
41 68
41 69
41 69
41 101
49 69
49 68
49 101
49 101
49 101
49 101
41 101
41 101
41 101
49 101
49 100
41 68
49 132
49 100
49 101
49 100
49 133
49 132
49 133
49 133
49 100
49 133
57 134
57 133
57 134
49 134
49 101
57 101
57 101
57 133
57 101
57 133
57 133
57 134
49 133
49 133
57 165
49 133
57 133
57 133
57 165
57 133
57 165
57 133
57 165
57 165
57 165
57 165
57 165
57 165
57 165
57 133
65 198
57 165
57 166
65 166
57 197
57 166
57 165
65 166
57 133
65 133
65 167
65 166
65 166
65 166
57 166
57 166
57 166
65 166
57 166
65 199
65 134
73 166
65 166
65 198
65 198
65 198
65 199
65 198
65 199
65 199
65 166
73 166
73 167
73 167
73 167
65 166
73 199
65 198
65 199
65 198
65 198
73 198
65 199
65 231
65 199
65 199
65 199
65 231
65 198
73 166
73 198
65 198
65 198
65 198
73 198
73 198
73 198
73 199
73 167
73 198
65 198
65 198
65 166
73 198
73 198
73 198
73 198
65 198
65 231
73 198
73 198
65 198
73 230
73 198
73 198
81 198
73 198
65 230
65 166
65 198
65 198
65 198
65 230
65 230
65 230
73 198
73 231
73 198
73 198
73 198
65 198
65 230
73 198
81 198
81 166
81 166
81 198
81 198
73 198
65 198
65 199
73 199
65 199
65 199
65 231
65 199
65 199
65 199
65 199
65 199
65 199
65 199
65 199
73 199
73 198
65 198
73 198
73 198
73 198
73 199
73 198
73 198
73 198
73 198
73 198
73 198
65 198
73 231
73 199
73 199
73 199
73 198
73 198
73 231
73 231
73 230
65 230
73 230
73 230
73 198
73 198
81 197
81 230
73 198
73 199
81 198
73 166
81 199
81 231
73 199
73 198
73 198
73 198
73 198
65 198
73 231
73 198
73 198
73 230
73 230
82 7
81 230
73 198
65 231
65 231
65 231
73 199
81 198
73 198
81 199
81 199
81 199
81 199
81 199
81 199
81 199
73 198
81 230
81 231
81 231
81 231
81 231
81 231
82 7
73 231
82 7
81 231
74 7
74 7
82 39
82 39
82 7
82 7
82 7
82 6
82 7
82 6
82 7
81 230
90 7
81 230
81 231
81 231
81 231
82 7
82 6
82 6
82 7
82 7
82 7
81 231
89 230
89 231
89 231
89 199
89 231
90 7
90 7
90 7
82 39
82 7
90 7
90 7
82 39
82 6
82 6
82 39
82 39
82 7
89 231
90 7
90 7
90 7
90 7
82 7
82 7
82 7
90 71
82 39
82 39
82 39
90 39
90 72
90 40
82 40
82 71
90 71
90 39
90 39
90 39
90 39
89 230
90 7
90 7
90 8
81 231
89 231
90 7
82 7
74 7
82 8
82 7
82 8
82 7
82 7
82 7
82 7
81 231
81 230
81 230
74 7
82 7
81 232
81 231
81 231
81 231
81 231
81 231
90 7
81 231
81 230
81 230
82 7
81 230
81 230
89 230
81 230
81 230
81 198
81 166
73 132
81 165
81 165
81 165
81 166
73 198
73 165
81 198
73 165
57 101
65 165
90 105
98 203
107 44
115 109
107 45
99 12
107 77
99 45
107 77
107 110
107 109
107 77
115 109
115 142
115 109
115 142
107 174
107 110
115 142
107 142
107 109
99 44
107 77
115 142
115 109
123 142
123 77
123 77
123 77
115 142
107 142
107 77
107 109
107 109
107 109
107 77
115 45
107 77
115 77
115 110
99 45
90 236
99 44
99 44
99 44
99 11
90 235
90 204
90 203
90 203
90 202
90 170
90 170
82 170
90 170
90 235
82 235
82 170
82 170
82 202
82 202
82 202
82 202
82 170
90 202
82 170
90 202
90 203
82 170
82 170
90 203
90 203
90 203
82 202
90 235
90 235
90 202
90 235
82 234
74 201
82 137
74 72
82 104
74 71
66 39
57 231
57 199
49 166
41 101
41 101
41 101
49 101
49 69
49 69
57 134
65 200
65 200
74 8
65 199
66 41
74 73
82 106
82 106
82 138
74 106
82 138
90 106
90 139
90 171
90 236
90 203
82 170
74 202
74 170
82 203
82 203
82 171
82 172
82 171
82 172
82 140
82 172
82 204
82 172
82 172
82 172
82 171
82 204
74 236
74 204
82 204
82 205
82 237
82 205
82 204
74 204
74 204
82 237
74 204
74 204
74 236
82 204
82 237
74 205
74 205
74 173
82 173
82 173
90 172
82 205
82 205
82 173
82 172
82 204
82 173
74 205
74 205
74 205
82 205
74 205
82 173
82 174
82 173
82 173
82 205
82 205
82 205
82 205
82 205
82 205
82 205
82 206
82 205
82 205
82 173
82 237
82 205
82 173
82 173
82 206
82 174
74 174
74 173
74 205
74 205
74 206
74 206
74 207
74 174
66 206
66 206
74 206
82 205
82 174
74 173
82 173
74 206
74 173
74 205
74 173
82 205
74 206
74 238
74 206
74 205
74 206
66 206
74 205
74 205
74 174
74 174
74 174
74 174
74 174
74 174
74 206
66 206
74 174
74 173
74 174
74 173
74 174
74 174
66 174
66 175
66 175
66 175
66 175
74 175
74 175
74 175
66 175
74 174
74 141
74 141
74 173
74 173
74 174
66 174
66 174
66 174
66 174
74 175
74 142
74 110
66 142
74 174
66 174
66 206
66 206
66 206
66 174
74 174
74 174
74 141
74 141
66 174
66 174
66 173
66 174
66 174
66 174
66 174
58 142
66 174
58 141
66 174
66 174
66 142
66 142
66 142
66 142
66 142
66 141
66 174
58 174
66 174
74 141
66 109
66 142
66 143
58 110
END_IMAGE:
NEW_IMAGE:
41 69
41 101
41 101
41 101
41 101
41 133
49 101
49 101
49 101
49 101
49 101
41 133
41 133
49 134
41 133
49 134
49 134
49 134
49 134
41 134
49 133
41 100
41 100
49 133
49 133
49 134
49 134
49 133
49 133
49 165
49 133
49 133
49 134
49 133
49 133
49 133
49 165
49 165
49 133
49 133
49 133
57 166
49 133
49 133
57 101
57 133
57 165
57 165
57 133
57 133
57 133
57 133
57 133
57 133
57 166
57 134
57 166
57 166
57 166
57 101
57 101
57 134
57 133
57 165
57 165
57 165
57 165
57 133
65 133
57 134
57 165
57 166
57 165
57 165
49 165
57 166
57 166
57 166
65 134
57 101
65 165
65 166
57 197
57 198
57 165
57 166
49 166
57 198
57 166
65 134
57 101
57 165
57 165
57 166
57 166
57 166
57 198
57 198
65 165
57 197
57 230
57 198
57 199
49 166
57 198
57 166
65 166
65 166
65 166
65 166
65 134
65 166
65 134
65 134
65 166
65 166
65 166
65 133
65 165
57 197
49 198
57 198
57 197
57 165
65 165
57 198
57 198
57 166
65 166
65 166
65 166
65 166
65 166
65 166
65 198
57 165
65 198
65 230
65 231
57 231
65 231
65 198
73 198
73 198
73 198
73 198
65 198
65 198
65 230
65 231
65 231
65 231
65 231
65 198
65 230
73 198
73 198
73 198
65 230
73 198
73 198
73 198
65 198
73 198
73 198
73 230
73 197
73 165
81 198
73 198
73 198
65 231
65 231
65 199
73 199
73 167
81 199
73 165
73 166
65 197
65 230
73 230
73 230
73 230
73 230
73 198
81 198
73 199
73 231
73 231
73 230
65 231
73 230
65 198
65 230
65 230
65 231
73 199
73 198
73 230
65 231
65 230
65 198
57 231
57 198
57 198
57 166
65 166
73 134
65 166
65 198
65 198
57 198
57 198
57 165
57 198
57 198
66 7
65 166
65 166
65 199
57 166
65 167
65 166
73 102
65 134
57 166
65 199
57 198
57 166
57 230
65 165
73 165
65 165
57 198
57 197
57 198
57 197
57 166
57 198
57 134
57 134
57 134
57 134
57 134
49 101
49 101
57 134
57 133
57 165
49 133
57 101
65 101
65 68
73 69
65 69
57 133
57 134
57 101
57 102
65 101
57 101
65 133
57 100
57 133
57 101
65 133
65 134
57 166
57 101
57 101
57 133
57 134
65 101
81 69
73 133
65 165
65 134
65 134
65 134
65 133
65 133
65 133
57 166
57 133
57 134
57 134
57 134
57 133
65 133
65 133
65 102
73 134
65 102
65 133
65 133
65 133
65 134
57 101
57 101
65 134
65 133
65 102
57 134
57 166
57 165
57 133
65 133
65 101
73 101
65 101
73 101
65 69
65 100
65 100
65 133
57 133
65 133
57 101
65 133
65 100
57 132
57 133
57 100
49 68
57 100
57 100
57 100
57 100
57 68
57 68
57 100
57 68
57 67
49 68
49 35
57 36
57 68
49 100
49 68
65 35
65 35
57 35
57 35
49 35
49 2
49 36
49 3
49 35
57 3
57 3
49 4
41 3
41 3
40 227
41 4
41 36
41 36
49 36
48 228
56 228
48 195
41 4
40 227
48 227
48 228
40 227
40 195
32 227
32 195
40 195
40 195
48 227
48 195
48 195
48 195
48 228
48 229
40 196
40 227
41 36
49 101
57 134
57 167
65 135
57 134
57 199
65 200
65 232
65 232
74 41
74 41
82 41
82 73
82 105
82 137
82 138
90 171
98 204
90 203
82 203
82 172
90 172
90 172
90 172
90 172
82 139
90 139
90 140
82 140
74 204
74 171
74 204
74 204
66 205
66 172
74 172
74 172
82 140
82 139
82 171
82 204
82 172
74 139
82 171
82 172
82 141
74 108
82 173
82 141
74 174
66 237
75 13
82 204
90 236
91 13
75 13
75 46
75 14
74 205
82 237
74 236
82 237
82 237
82 205
82 205
90 205
82 205
82 206
82 173
82 174
90 205
90 205
82 173
82 205
82 173
82 204
82 204
90 205
82 172
82 172
90 172
90 172
82 204
82 204
82 203
90 203
90 203
90 203
90 235
90 204
82 173
90 205
82 172
82 204
90 204
82 172
82 172
82 172
82 172
82 172
82 205
82 204
82 172
90 171
82 171
82 204
82 204
82 203
82 171
82 203
82 171
82 172
90 172
82 140
82 172
82 205
74 172
82 203
82 203
82 203
82 203
82 172
82 140
82 172
82 172
82 171
82 171
82 171
82 171
82 171
82 171
82 171
82 171
74 170
82 170
82 171
82 171
82 171
82 171
82 171
82 171
82 171
74 139
82 204
82 171
82 171
82 171
74 171
82 171
82 171
82 171
82 171
74 138
74 138
74 138
82 138
82 171
74 171
66 171
74 171
74 139
74 139
74 107
82 139
74 139
74 139
66 171
74 171
74 138
74 138
74 106
74 106
74 107
74 138
74 139
74 139
74 139
74 139
74 139
74 138
74 106
74 138
74 138
66 170
66 170
66 138
74 138
74 106
74 138
74 138
74 107
74 106
74 139
74 106
74 106
74 107
66 139
66 139
66 139
66 106
66 106
74 138
66 139
58 171
66 139
74 107
74 140
66 107
66 107
74 106
74 106
66 73
66 138
74 106
74 106
74 74
74 74
74 74
74 74
74 106
66 107
66 107
58 107
66 106
66 106
66 74
66 74
66 74
66 74
74 42
74 74
66 74
66 74
66 106
58 42
66 74
66 42
66 74
58 74
58 105
58 138
58 105
58 106
58 105
58 74
58 74
58 74
58 74
58 74
58 74
66 42
66 74
58 42
66 41
66 41
58 73
58 73
58 40
58 8
END_IMAGE:
NEW_IMAGE:
33 69
33 37
33 38
41 38
41 38
41 70
41 70
33 70
41 69
41 69
41 70
33 70
41 70
41 70
41 70
41 102
41 69
41 70
41 70
41 102
41 101
41 102
41 102
41 102
41 101
41 102
49 102
41 102
41 70
49 102
49 102
49 102
49 102
49 102
49 102
49 102
49 102
49 102
49 102
49 102
49 102
49 134
49 134
49 134
49 134
49 135
49 134
49 134
49 102
49 134
49 134
49 134
49 134
49 134
49 167
49 102
49 134
49 167
49 167
57 135
57 135
57 167
49 167
49 167
49 167
49 134
49 166
49 166
49 167
49 167
49 166
49 166
49 167
49 167
49 167
49 199
49 199
57 200
49 200
49 200
57 200
57 200
57 199
57 199
57 199
57 231
57 199
57 199
57 199
57 199
65 200
57 200
57 200
57 200
57 199
57 200
57 232
57 200
65 200
65 199
65 231
65 231
65 231
57 231
58 8
66 8
65 232
66 9
65 233
65 233
65 233
65 232
66 8
66 9
66 8
66 8
58 8
65 232
65 232
65 232
66 8
65 232
65 232
65 232
66 8
66 8
66 8
65 232
66 8
65 232
66 8
65 233
66 9
65 233
66 9
65 233
66 9
66 8
66 41
66 41
66 9
66 9
66 41
66 42
66 41
66 9
66 9
66 41
66 41
66 41
74 41
66 9
74 41
74 41
66 41
74 41
74 9
74 41
74 41
74 41
74 9
74 9
74 9
74 41
74 40
66 40
66 40
66 41
66 40
66 41
66 40
66 73
66 41
74 73
74 41
74 41
74 73
74 42
74 74
74 73
74 73
74 73
74 73
74 74
74 74
74 74
74 74
74 42
74 74
82 75
82 43
74 43
74 43
66 42
74 106
74 106
74 74
82 74
82 74
74 74
74 106
74 75
74 107
74 75
74 74
74 74
74 75
74 75
74 74
66 74
74 74
74 106
74 74
74 42
74 41
74 73
74 73
82 107
74 74
74 74
74 74
66 74
66 73
66 40
66 8
66 8
57 231
65 200
65 200
66 9
41 232
49 199
49 166
49 166
49 70
41 101
33 69
25 4
24 195
24 163
24 98
24 130
8 65
16 33
8 32
8 32
8 32
16 64
8 32
8 32
8 64
8 32
8 32
8 32
0 32
0 64
0 32
8 64
8 32
8 64
0 32
0 32
0 32
0 32
0 32
0 32
0 32
0 32
0 32
0 32
0 32
0 32
0 32
0 32
0 64
0 64
8 32
8 32
8 64
8 64
8 64
16 0
24 65
24 163
33 101
49 199
58 8
74 41
90 74
82 106
90 74
82 73
74 73
82 107
90 107
82 138
82 139
82 139
82 138
90 171
90 171
90 171
90 203
90 236
90 235
90 203
90 236
90 236
90 236
98 236
98 236
98 236
98 236
99 12
99 12
99 12
99 12
99 44
99 44
99 12
99 12
99 12
99 12
99 12
99 12
107 12
107 12
99 12
99 12
99 12
107 12
107 12
107 12
107 45
107 44
107 44
107 44
107 45
107 12
107 44
107 44
107 44
107 12
115 44
107 12
107 12
107 12
107 12
107 44
107 12
107 44
107 44
107 45
107 45
107 77
107 45
107 77
107 77
107 77
107 77
107 77
107 44
107 77
107 45
115 45
107 45
107 77
107 77
107 77
107 77
107 77
107 77
115 77
115 77
115 77
115 76
115 76
115 77
115 76
115 45
115 45
115 45
115 45
115 77
115 77
115 77
115 77
115 77
115 77
115 77
115 77
107 77
107 76
107 77
107 77
115 77
115 77
115 77
115 77
115 77
115 77
107 77
107 77
115 77
107 44
115 77
115 77
115 77
115 77
115 77
115 76
115 76
115 76
115 77
115 77
115 76
115 77
115 77
115 77
115 44
123 45
123 77
123 44
123 77
115 45
115 77
115 77
107 12
115 77
115 109
115 77
115 77
115 77
115 76
115 77
115 77
107 77
107 76
115 109
107 77
115 77
107 44
115 77
115 77
115 44
115 77
115 44
115 76
107 76
107 76
107 76
107 76
115 76
107 76
107 76
107 44
115 44
115 44
107 44
115 44
115 44
107 44
107 44
115 44
115 44
107 44
107 12
115 12
115 12
114 236
114 236
107 12
115 12
107 12
107 44
107 44
106 235
107 12
107 12
107 12
107 12
107 12
107 12
106 235
107 11
99 11
99 11
99 11
107 11
107 43
107 12
107 12
107 12
107 11
107 44
107 12
107 12
107 12
107 44
99 44
99 11
99 44
99 12
99 12
99 11
107 11
114 202
106 137
90 72
82 72
82 105
82 72
82 72
82 71
82 39
82 39
82 39
82 39
82 7
82 7
82 39
82 39
82 71
82 39
90 72
90 40
90 39
82 7
82 39
82 39
82 39
82 7
74 7
74 7
74 7
74 6
82 7
73 230
82 6
82 6
82 6
82 6
82 6
73 230
74 6
74 7
74 7
73 230
73 230
73 230
73 230
73 230
74 7
73 231
73 231
74 7
73 230
73 230
73 230
74 6
74 6
73 230
74 6
65 230
66 6
65 230
65 230
74 7
66 6
65 230
65 230
73 230
82 6
73 230
73 230
73 230
73 230
73 230
73 230
65 230
74 6
73 230
73 230
73 230
73 230
73 230
65 230
65 230
65 230
65 230
65 230
65 231
65 198
65 230
65 230
65 229
65 230
65 229
73 230
73 230
73 230
65 230
65 230
65 229
65 229
65 197
73 197
65 198
65 198
65 198
65 230
65 198
65 230
65 198
65 198
65 198
65 198
65 198
65 198
65 198
65 198
57 166
65 231
57 198
57 198
57 198
65 198
65 198
65 198
65 165
65 198
65 198
57 198
57 197
57 198
57 166
57 166
49 166
57 165
49 165
END_IMAGE:
NEW_IMAGE:
33 69
33 69
33 101
33 70
33 69
33 101
41 101
33 69
41 69
41 69
33 69
41 70
41 70
41 70
41 102
41 70
33 102
33 102
41 134
33 101
33 69
41 102
41 101
41 102
41 134
41 102
41 102
41 102
41 134
41 102
41 134
41 134
49 102
49 102
41 134
41 134
49 134
41 102
41 134
41 134
41 134
41 134
41 134
49 134
41 134
41 134
41 134
49 134
41 134
41 134
49 135
49 134
49 134
41 134
49 166
49 134
41 134
41 166
41 166
41 166
49 166
49 166
49 166
49 166
49 166
49 166
49 166
49 166
49 166
49 166
49 166
49 198
49 199
49 166
57 199
49 199
49 199
49 199
49 199
49 199
49 199
49 199
49 199
49 199
49 199
57 199
57 199
57 199
57 199
49 199
49 199
49 199
57 199
57 199
57 199
57 199
57 231
57 232
57 231
57 231
57 231
58 8
57 231
57 231
57 231
57 231
57 232
57 232
57 232
57 200
57 232
57 232
57 232
57 232
57 232
57 232
57 232
57 232
57 232
58 8
57 232
57 232
57 232
57 232
57 232
58 8
58 8
58 8
65 232
57 232
57 232
57 232
66 8
66 8
58 8
66 8
66 8
66 8
66 8
66 8
66 8
66 40
66 41
58 8
66 40
66 41
66 8
58 8
66 40
66 40
66 40
66 41
66 8
66 40
66 41
66 8
66 8
66 40
66 40
66 40
66 40
66 40
66 40
66 40
66 40
66 40
66 40
66 41
66 8
66 41
66 40
66 41
66 40
66 40
66 40
66 41
66 41
74 73
66 41
74 73
66 41
74 41
66 41
66 41
74 41
74 41
66 41
66 73
66 73
66 73
66 73
66 73
66 74
66 74
74 106
66 105
66 138
74 105
74 73
74 105
74 73
74 74
66 74
66 75
66 74
66 42
66 74
66 74
66 74
66 74
66 74
66 73
66 73
66 40
66 73
74 73
74 73
66 73
74 73
66 41
66 41
66 41
66 73
66 40
66 8
58 8
58 72
58 7
57 232
57 233
49 232
49 199
49 167
57 199
49 134
41 101
41 36
41 36
24 195
24 195
24 162
16 129
16 97
16 65
16 65
8 64
16 64
8 64
8 64
8 64
0 32
8 32
8 32
8 32
8 32
8 32
8 32
8 32
8 32
8 64
8 64
0 32
8 64
8 32
8 32
0 64
0 64
0 32
8 64
8 32
8 32
8 32
8 32
8 64
8 64
8 32
8 64
0 64
8 64
8 32
16 64
24 64
16 64
16 161
32 227
49 102
57 135
74 8
66 40
74 41
82 41
66 8
74 41
74 106
74 106
74 138
74 106
74 138
74 106
82 138
82 138
82 139
82 171
82 171
82 171
90 203
90 171
90 203
90 171
82 171
90 203
90 236
90 203
90 235
90 235
90 235
90 236
90 235
90 235
90 235
98 235
90 235
98 236
98 236
99 12
90 235
98 235
98 236
99 44
91 12
91 12
90 235
99 11
99 12
99 11
99 11
99 12
99 12
99 12
99 12
99 44
99 11
107 11
107 44
99 44
91 11
99 12
99 12
99 12
99 12
99 44
99 12
99 44
99 12
99 44
99 44
99 12
99 44
107 76
107 44
99 44
107 76
107 44
99 44
107 44
99 44
99 44
99 44
107 44
107 44
99 44
107 44
99 44
99 44
99 44
99 44
107 76
107 44
107 44
107 44
107 44
107 44
107 44
107 44
107 44
107 44
107 44
107 44
107 44
107 44
107 44
107 44
107 12
107 44
107 44
107 44
107 44
107 12
107 44
107 44
107 76
99 44
99 44
107 44
107 44
107 44
115 77
107 12
107 44
107 44
107 44
107 44
107 44
107 44
107 76
107 44
107 76
107 76
99 76
107 75
107 43
107 76
107 44
107 44
107 44
107 44
107 44
107 44
107 44
107 44
107 44
107 75
107 76
107 44
115 76
107 43
107 43
107 44
107 44
107 44
107 44
107 44
107 44
107 44
99 44
107 44
107 44
107 44
107 76
107 44
107 44
107 44
107 44
107 44
107 44
107 44
107 76
107 44
107 43
107 75
99 44
99 11
99 44
99 12
99 11
99 44
99 44
99 11
107 44
98 235
99 11
98 235
107 12
107 11
107 11
99 11
99 11
99 11
99 11
99 11
99 11
98 235
107 11
98 235
107 11
98 202
98 234
98 234
98 234
98 235
99 11
99 11
99 11
99 11
98 235
107 44
99 11
99 12
99 11
99 11
99 11
99 11
98 235
90 235
98 234
98 234
98 136
90 103
90 136
82 72
82 72
82 72
82 39
82 39
82 39
82 7
82 7
82 6
74 6
82 6
82 6
82 39
82 39
82 71
82 71
82 71
82 39
82 39
82 39
74 38
74 38
74 38
74 38
74 6
74 6
82 6
73 230
74 6
74 6
74 6
74 6
74 6
74 6
74 6
74 6
74 6
66 38
66 6
74 6
74 6
74 6
74 6
73 230
73 230
73 230
73 229
73 229
74 5
74 6
73 230
73 230
74 6
66 6
74 6
74 6
65 230
74 6
74 6
73 230
73 230
65 197
65 230
65 230
65 230
65 230
65 230
65 230
65 230
65 229
66 5
65 229
66 6
74 6
65 229
66 6
66 5
73 229
65 229
66 6
65 230
65 230
65 230
65 230
65 230
65 230
65 198
65 230
65 229
65 230
65 230
65 230
65 197
65 229
65 197
65 197
65 198
65 230
57 198
57 198
57 198
57 198
57 198
57 197
57 229
65 197
65 197
65 197
57 165
65 165
65 198
57 165
57 198
57 198
57 198
57 166
57 166
57 166
57 197
57 198
57 166
57 198
57 166
49 166
57 165
57 165
49 165
49 165
49 133
57 133
57 133
END_IMAGE:
last fall found
last fall found
last fall found
last fall found
NEW_IMAGE:
16 128
8 192
16 192
16 192
16 160
16 160
24 192
24 192
24 160
24 160
24 161
16 192
16 192
16 192
16 192
16 192
16 192
16 192
16 225
8 224
16 224
17 0
16 224
16 224
16 224
24 225
24 160
24 192
16 224
16 193
24 225
24 225
24 224
24 225
16 224
25 1
16 224
16 224
16 224
16 192
24 224
16 224
17 1
16 225
24 225
24 193
24 225
16 224
24 224
25 0
16 224
17 0
24 224
25 1
24 224
24 225
24 224
24 225
25 1
24 225
24 225
25 1
25 1
25 0
24 224
25 0
25 0
33 1
25 1
25 1
25 0
25 1
24 225
25 0
25 0
25 1
25 1
25 1
25 1
25 33
25 32
25 0
25 1
25 1
25 0
25 1
25 0
25 32
25 32
25 32
25 32
25 32
25 33
25 33
25 33
25 33
25 33
25 34
25 33
25 33
25 33
25 33
25 33
25 33
25 33
25 33
33 33
25 33
25 32
25 33
25 33
25 32
25 32
25 33
25 33
25 33
25 64
25 64
25 64
25 32
25 32
25 32
25 32
25 32
25 32
25 33
33 65
25 33
25 32
25 32
33 32
25 32
25 32
25 32
25 32
25 0
25 32
25 64
17 64
17 64
17 64
25 33
25 33
25 32
25 64
25 64
25 32
25 64
25 32
25 32
25 32
25 33
25 33
25 65
25 33
25 33
25 64
25 33
25 33
25 33
33 33
25 33
33 33
33 32
25 32
25 33
25 64
25 32
25 32
25 32
25 33
33 65
25 32
25 64
25 64
25 64
25 64
25 64
25 96
25 64
25 96
25 32
33 32
33 32
33 64
33 33
33 65
33 65
25 65
25 65
25 64
33 64
33 32
33 65
33 64
33 64
33 65
33 32
33 64
33 64
33 65
33 65
25 65
33 65
33 33
33 33
33 65
33 64
33 64
33 64
33 64
33 64
33 64
33 64
33 64
33 64
33 65
33 97
33 64
33 64
33 64
33 96
33 65
33 64
33 65
33 33
33 97
25 96
33 97
33 97
33 97
33 97
33 65
33 97
33 97
33 96
25 128
33 128
33 96
33 97
33 97
33 97
33 96
33 96
41 64
41 64
41 64
33 96
33 96
33 128
33 128
33 96
33 97
33 97
33 96
33 96
41 96
33 128
41 128
33 128
33 128
41 128
41 128
33 96
41 129
41 129
33 129
41 129
41 97
41 97
41 97
41 129
41 129
33 97
33 97
33 129
33 129
33 97
41 97
41 97
41 129
41 128
41 160
33 96
33 96
41 97
41 97
41 98
41 98
41 98
41 98
41 98
41 98
41 66
41 130
41 129
41 129
41 162
41 97
41 129
41 130
41 130
49 130
49 130
49 195
49 162
49 164
57 133
57 132
65 99
57 134
73 200
98 203
140 50
132 16
132 48
131 208
139 241
148 49
140 17
140 17
140 18
148 50
139 241
140 17
148 17
140 49
148 18
140 17
148 82
140 50
131 208
148 17
156 82
148 17
148 18
148 18
148 50
148 50
148 82
148 50
148 50
148 50
148 50
148 50
148 49
140 81
148 49
148 49
148 81
148 49
148 82
148 49
148 50
156 50
148 82
148 82
148 82
156 82
156 83
156 82
156 82
156 82
156 82
156 114
148 82
148 82
148 82
148 114
148 114
156 114
148 114
148 114
148 114
156 114
156 114
148 114
148 114
156 146
156 82
156 82
156 82
156 114
156 82
156 114
156 82
156 82
156 50
156 82
164 82
156 82
156 82
156 114
156 114
156 114
156 114
164 115
156 82
164 115
156 114
148 146
156 114
164 114
164 82
164 82
156 114
156 114
156 114
156 114
156 114
156 82
156 114
156 114
156 113
148 146
156 146
156 114
156 114
156 146
156 114
156 114
156 114
156 114
156 82
164 114
164 82
156 114
156 114
156 114
156 114
148 114
156 114
156 146
156 114
156 114
156 146
156 114
156 146
156 82
156 114
156 82
156 82
156 114
156 82
156 82
156 82
156 114
156 82
148 114
148 113
148 113
148 114
148 81
148 114
148 114
148 114
148 114
148 114
148 114
148 81
148 81
148 81
156 49
156 49
156 81
156 82
148 81
148 49
148 17
139 240
140 16
148 49
148 49
140 17
148 49
156 82
148 17
148 17
147 241
148 17
148 49
148 49
148 17
148 48
148 16
147 240
147 208
147 240
147 240
140 17
140 49
148 17
148 49
148 16
148 49
148 49
140 49
140 49
140 49
140 49
140 48
140 49
140 49
140 17
140 16
148 48
131 174
123 109
123 77
115 44
115 44
115 44
115 12
107 12
107 11
107 11
106 234
114 234
114 234
106 234
107 11
106 235
107 11
115 44
107 12
115 44
115 11
107 11
99 11
99 11
107 11
98 203
106 235
98 170
98 202
106 202
106 202
106 202
98 170
98 203
98 202
98 202
98 202
98 202
98 170
98 202
106 170
98 138
98 170
98 138
98 170
98 171
106 171
98 138
106 138
98 170
98 170
98 202
98 170
98 202
106 170
98 170
106 202
98 170
98 169
106 170
106 137
114 170
106 138
106 170
98 137
98 138
106 170
106 170
98 170
106 202
106 170
98 138
98 202
98 170
98 202
98 202
90 202
90 234
98 234
98 201
106 169
98 201
98 170
98 170
98 170
98 170
98 137
98 170
98 202
98 202
98 202
98 202
98 170
98 138
98 137
98 138
98 169
98 137
98 137
98 137
98 137
98 169
98 137
98 137
98 137
90 105
90 137
98 137
98 105
98 105
98 105
90 105
90 105
90 137
82 105
90 138
90 105
82 7
89 164
89 196
73 35
56 97
56 129
48 96
48 97
48 64
48 64
48 32
56 32
48 32
48 64
48 32
40 32
48 32
END_IMAGE:
last fall found
last fall found
last fall found
last fall found
last fall found
NEW_IMAGE:
49 104
49 104
49 104
41 104
49 136
49 136
49 135
49 136
49 136
49 136
49 104
49 136
49 136
49 136
49 136
49 135
49 135
49 168
57 136
57 136
57 136
49 167
49 136
57 136
57 169
57 136
57 168
57 168
57 168
57 168
57 167
57 168
57 136
57 168
57 168
57 168
57 167
57 168
57 167
49 167
49 167
49 136
49 136
49 69
41 4
41 36
33 4
32 226
32 226
32 226
40 226
32 226
40 226
40 226
40 225
32 193
40 225
32 225
32 225
40 193
48 193
40 226
32 225
32 193
40 226
32 225
32 193
32 225
40 224
40 224
40 193
32 224
32 224
33 0
33 0
33 33
33 1
33 1
33 0
33 32
33 32
33 32
33 32
33 32
33 32
33 1
33 0
33 0
33 32
33 0
33 32
33 33
33 33
41 0
33 0
33 33
33 64
33 0
41 0
33 0
33 65
25 64
33 32
33 32
33 33
33 2
33 1
33 33
33 33
33 32
33 32
33 64
33 64
33 33
41 33
33 0
33 33
33 65
33 65
33 33
33 32
25 32
33 64
33 33
33 64
33 32
33 32
33 64
33 32
33 33
33 33
33 65
33 33
33 33
33 33
33 33
33 32
33 32
33 32
33 32
33 64
33 64
33 64
33 64
25 64
33 64
33 32
33 64
33 64
33 64
33 64
33 64
33 32
33 32
41 32
41 0
41 32
33 33
33 32
33 32
33 32
33 64
33 32
33 33
33 33
33 64
33 33
33 34
33 33
41 33
33 33
41 65
33 64
33 64
33 32
33 64
33 64
33 64
33 32
41 65
33 32
33 96
33 64
33 65
33 64
33 65
33 64
33 64
33 64
33 64
33 64
33 64
33 65
33 64
33 64
33 96
33 65
33 65
33 64
33 96
33 96
25 64
33 96
33 64
33 97
33 97
33 65
33 65
33 96
33 97
41 64
41 64
41 96
33 64
33 97
41 65
41 65
41 97
41 96
41 97
41 96
33 96
25 96
33 65
33 96
33 96
33 96
33 96
41 96
33 64
41 64
41 64
41 96
41 96
41 96
41 96
41 97
41 65
41 66
41 65
49 33
49 65
41 64
41 96
41 64
41 96
41 96
41 65
41 96
41 128
33 129
33 97
33 97
41 97
41 64
41 65
41 96
41 128
41 96
41 97
41 129
41 128
33 129
33 128
41 128
41 129
41 129
33 128
41 128
41 96
41 96
41 65
41 65
41 97
41 96
41 96
41 64
41 96
41 97
41 98
41 98
41 97
33 97
33 97
33 66
33 66
41 98
41 97
41 97
33 65
41 97
41 65
49 65
33 64
41 129
41 96
41 129
41 129
33 129
33 97
33 97
41 129
41 97
41 97
41 129
33 97
41 97
33 96
41 129
33 129
41 129
41 129
41 129
41 160
41 160
41 128
41 128
41 128
41 128
41 129
41 161
41 162
41 129
41 129
49 129
49 129
41 128
41 129
49 162
41 130
41 130
41 130
41 130
41 130
41 129
49 161
41 129
49 192
41 161
49 129
57 129
49 130
49 161
41 162
49 193
49 131
49 131
49 131
57 130
49 162
57 163
57 131
57 130
57 194
57 163
57 163
57 196
65 164
73 164
73 164
65 198
65 198
74 9
98 141
123 78
139 241
139 209
139 209
140 17
139 241
139 241
139 241
147 241
148 17
148 17
148 17
148 49
148 17
148 17
148 17
148 17
148 49
148 49
156 82
156 50
147 241
147 241
148 17
148 17
156 18
156 18
148 49
148 49
148 49
148 49
148 50
148 49
156 17
156 49
156 49
156 49
156 50
156 50
156 50
156 50
156 50
156 50
156 50
148 50
148 81
148 81
148 81
156 49
156 17
156 18
163 242
156 17
156 50
156 50
156 49
156 49
156 82
148 49
156 18
164 18
156 18
156 18
156 18
156 50
156 50
156 50
156 50
156 81
148 49
148 81
156 49
156 49
156 49
156 49
156 49
156 49
156 49
156 49
148 49
148 49
148 49
148 49
156 50
156 18
147 241
156 50
148 49
148 49
148 49
148 49
148 49
148 49
148 49
148 49
148 49
148 49
148 49
148 48
148 81
148 16
148 17
148 49
148 17
148 17
139 240
147 241
147 240
155 241
147 241
148 17
156 17
147 208
147 208
147 241
147 209
155 208
147 241
139 241
139 143
147 143
147 208
139 208
139 143
155 176
139 240
132 16
131 240
140 16
140 16
139 240
139 241
139 241
139 241
139 241
139 241
139 208
147 209
147 177
139 144
139 207
147 239
139 142
131 109
123 77
114 203
130 204
122 204
114 236
122 204
122 171
122 171
114 139
114 139
114 139
114 138
106 171
106 203
114 235
122 235
122 235
114 235
114 235
106 203
106 171
106 139
114 139
106 171
98 170
98 138
98 171
98 171
98 170
98 138
98 170
98 170
98 170
98 170
98 138
98 170
98 170
98 170
98 170
90 138
90 170
90 170
98 170
98 138
98 138
106 170
98 138
106 106
106 106
106 106
106 106
106 138
98 138
106 170
98 137
98 138
90 170
90 137
90 105
98 169
98 137
98 138
98 138
98 138
98 138
98 138
106 138
98 137
98 170
98 138
98 138
98 138
90 170
98 138
106 138
98 137
98 170
106 138
106 105
106 137
98 138
98 106
98 137
98 137
98 137
98 138
98 106
98 105
98 138
98 137
90 137
98 137
98 137
106 137
98 73
98 73
106 105
98 73
98 73
98 40
98 105
98 72
98 105
98 73
98 72
98 72
98 72
98 72
98 40
98 41
90 71
82 104
82 39
65 230
73 164
65 34
48 193
48 129
48 129
48 96
40 64
48 65
48 32
48 32
48 32
48 0
48 0
48 32
48 0
48 0
48 0
48 0
END_IMAGE:
last fall found
last fall found
last fall found
rise found
rise found
rise found
rise found
last fall found
last fall found
last fall found
last fall found
last fall found
last fall found
last fall found
NEW_IMAGE:
90 46
98 46
98 46
90 78
98 79
106 48
106 47
106 47
106 79
106 79
106 47
106 80
106 80
98 80
98 80
98 80
98 80
98 80
106 112
106 80
106 80
106 112
106 112
106 112
106 112
106 112
106 112
114 112
114 112
106 113
114 145
106 145
106 144
106 144
106 144
106 144
106 144
106 145
106 144
114 144
122 113
122 113
122 113
122 113
122 145
122 145
122 113
122 114
122 114
122 146
114 113
114 177
114 178
114 178
122 146
114 146
114 145
106 211
98 209
82 77
57 169
57 101
73 101
65 67
65 99
57 67
65 99
65 100
57 100
57 100
57 100
57 100
57 67
57 99
57 67
57 100
49 132
41 100
49 132
49 100
49 100
49 99
49 99
49 132
49 67
49 99
49 99
57 67
57 67
49 100
49 100
49 100
49 100
49 100
49 100
49 99
49 99
49 99
49 100
57 132
49 100
49 100
49 100
49 100
49 100
57 132
49 99
49 131
49 131
49 99
49 131
49 99
49 99
49 132
49 100
49 100
49 100
49 132
49 133
41 100
41 100
41 100
49 100
49 99
49 67
49 99
41 99
49 131
49 163
49 164
49 131
49 99
57 99
49 99
57 67
49 99
41 67
49 68
49 100
41 68
41 99
49 99
57 99
49 99
49 130
49 130
41 130
41 130
41 130
41 131
41 99
41 99
41 131
41 131
41 131
41 163
41 163
49 99
57 131
57 99
57 131
49 131
49 131
57 131
49 99
49 99
49 131
49 130
49 131
49 131
57 131
49 130
49 131
49 131
49 131
49 131
49 131
49 162
57 163
49 163
49 195
49 195
49 99
49 99
49 131
49 163
49 164
49 132
49 132
49 100
57 100
49 131
49 131
41 132
41 163
49 163
49 164
49 100
49 100
49 100
41 67
49 99
41 67
49 67
49 99
49 99
49 99
49 99
49 100
49 100
49 100
49 100
49 99
49 67
49 131
49 131
49 163
57 196
57 100
49 99
41 99
41 67
41 131
41 100
49 99
49 99
49 98
49 132
49 132
49 132
41 100
49 99
49 67
49 68
57 68
57 67
57 99
49 99
49 67
49 67
49 67
49 67
49 67
49 34
49 35
49 67
49 2
49 35
49 34
49 34
57 34
49 2
48 226
49 2
49 2
49 2
41 2
41 2
41 3
41 3
41 35
32 227
33 3
33 3
33 36
33 3
33 3
33 35
33 3
33 3
41 3
32 227
33 3
32 227
33 3
33 3
40 227
32 227
24 227
33 4
32 227
32 227
33 4
33 36
33 4
33 4
32 227
33 4
33 3
32 227
32 195
32 130
40 130
40 163
32 195
24 195
24 194
24 194
24 195
33 4
32 227
33 3
33 36
33 36
33 36
33 36
33 36
33 36
33 36
33 4
41 68
33 36
33 36
33 69
41 101
41 101
41 101
41 101
41 101
41 101
41 133
41 101
41 101
41 101
41 166
49 166
49 166
49 166
49 166
49 231
33 134
33 165
33 198
41 199
41 166
49 166
41 166
41 199
49 231
41 166
33 230
34 6
34 38
34 6
34 6
26 6
26 38
25 229
33 230
42 6
34 5
34 5
34 6
34 38
18 6
26 38
18 70
26 70
34 70
26 38
26 38
26 70
26 103
18 38
18 103
26 38
26 6
18 70
10 133
18 70
18 37
18 70
18 70
26 38
18 70
18 70
18 38
18 38
26 70
26 37
26 38
18 70
10 70
18 102
18 71
10 71
18 135
10 71
10 71
18 38
26 38
26 38
18 38
10 70
10 103
10 135
10 70
10 103
2 103
2 135
2 135
2 167
2 167
2 167
2 135
2 135
2 168
2 103
2 135
2 135
2 135
2 135
2 135
2 167
2 166
2 134
2 134
2 134
2 134
2 134
2 166
2 166
2 134
2 134
10 103
10 134
2 134
2 134
10 102
18 70
2 102
2 134
2 102
2 102
2 134
2 135
2 102
2 102
2 135
2 135
2 135
2 135
2 135
2 135
2 135
2 134
2 135
2 134
10 103
2 135
2 134
2 134
2 103
10 102
10 70
10 103
2 102
2 134
2 134
2 134
2 134
2 102
10 103
10 103
2 102
2 102
10 102
2 102
2 102
2 102
2 134
2 133
2 134
2 134
2 102
2 102
10 102
2 70
2 69
2 70
2 134
2 70
2 70
2 69
2 69
2 37
2 37
2 37
2 37
10 37
2 5
10 5
10 5
9 229
18 37
10 5
18 5
10 37
18 6
25 165
1 138
24 237
82 112
131 181
173 54
213 217
188 182
188 117
179 245
171 243
171 211
171 244
179 243
179 211
179 179
179 147
179 147
179 115
171 115
171 146
171 178
171 178
171 211
179 244
180 19
179 244
171 146
171 146
171 179
171 146
171 146
163 146
163 146
155 113
163 177
163 177
163 145
163 146
171 115
171 115
163 82
171 114
163 81
163 82
163 81
163 81
163 114
163 146
163 145
155 177
155 177
155 145
163 145
171 178
163 146
155 82
155 113
155 49
163 113
171 211
163 145
163 113
171 113
171 113
171 81
163 48
163 112
171 177
163 145
163 145
163 177
163 145
163 178
163 145
163 81
163 81
163 113
163 113
163 113
163 145
163 177
163 145
163 144
163 177
163 145
163 145
163 145
163 145
163 177
163 113
163 113
163 113
163 113
163 113
163 113
163 113
155 144
163 145
163 145
163 145
163 113
163 113
163 113
155 113
155 113
155 112
155 112
147 80
147 80
155 80
155 80
155 48
155 48
163 48
155 48
155 48
155 79
139 111
123 143
139 80
147 14
146 205
130 42
113 102
104 131
96 163
72 195
64 98
80 99
88 35
88 34
80 35
80 34
80 33
80 33
80 33
80 1
80 33
80 33
72 1
END_IMAGE:
