NEW_IMAGE:
65 171
73 171
81 139
81 139
89 140
89 172
89 139
89 139
97 139
97 139
97 140
97 140
89 140
89 141
89 172
89 172
89 140
89 172
89 172
89 172
89 172
89 172
89 172
89 173
97 172
97 204
97 171
97 139
97 171
97 171
89 171
97 140
105 140
97 140
97 171
97 170
97 203
97 173
97 173
97 173
89 205
97 174
89 205
97 174
105 174
97 141
105 173
105 140
105 173
105 173
97 172
105 205
105 172
105 173
97 205
105 205
105 172
105 172
105 172
105 172
105 172
105 173
105 173
105 172
105 204
105 204
105 204
105 204
105 172
105 205
105 205
97 236
97 203
105 236
105 204
105 204
97 205
105 205
105 172
105 205
105 204
105 236
105 236
105 204
105 204
105 204
105 236
113 204
121 172
113 205
113 205
113 205
113 205
105 205
113 204
113 205
113 205
113 172
113 172
113 204
113 204
113 204
113 204
105 204
105 204
113 204
113 236
113 204
105 236
105 203
105 236
113 172
121 205
113 205
121 205
121 237
121 205
121 236
121 204
121 236
113 236
113 205
113 237
113 205
113 172
113 205
113 204
105 204
113 204
113 172
113 204
113 204
113 204
113 203
113 235
113 234
105 202
113 235
113 235
105 203
105 203
113 236
113 203
105 203
98 11
105 235
113 204
113 205
113 205
105 204
113 205
121 238
113 174
113 173
113 205
113 204
113 204
113 204
113 236
113 236
105 236
105 204
113 204
105 204
113 204
113 204
121 172
113 204
113 204
113 204
105 236
105 236
113 204
113 204
113 204
121 236
121 236
121 236
113 236
113 236
113 204
113 237
113 205
113 173
113 205
113 205
105 237
113 238
113 174
121 174
121 174
121 173
121 173
121 173
121 173
121 173
121 205
121 172
121 203
121 139
121 171
121 106
121 106
121 74
129 74
121 72
121 40
121 41
121 40
121 40
121 40
121 8
129 8
121 39
121 39
121 8
129 8
129 8
129 8
129 40
128 231
120 231
120 231
120 231
120 199
128 231
128 231
121 39
113 71
105 39
105 39
113 39
113 6
121 6
129 6
128 231
128 231
128 231
121 6
121 6
121 6
121 38
113 70
113 37
121 38
121 6
129 6
129 6
129 6
129 6
129 6
129 7
121 6
121 7
121 7
121 7
121 7
128 230
128 230
129 7
128 231
128 231
120 231
129 7
129 7
121 7
121 7
128 231
129 7
128 231
129 8
129 8
129 73
129 72
121 72
129 73
129 73
129 73
129 73
121 72
121 138
121 171
113 203
121 236
121 204
121 204
121 204
121 173
121 205
121 205
121 236
121 235
121 204
121 205
121 237
121 236
114 12
122 44
113 235
122 12
121 236
121 236
113 236
121 237
113 205
113 205
113 206
113 206
121 206
121 206
121 206
121 205
121 237
121 237
121 237
122 14
121 238
121 238
129 238
129 206
137 238
138 14
130 14
129 237
129 237
129 205
137 205
129 206
137 238
138 14
137 238
137 206
129 238
129 238
129 238
130 13
122 46
122 14
130 46
130 14
122 13
122 46
122 45
122 44
114 44
114 44
114 12
114 12
114 12
121 236
121 236
122 12
122 13
121 237
122 13
122 13
121 236
129 237
129 237
137 238
129 205
129 237
130 14
129 237
121 237
121 205
121 237
121 237
121 237
122 13
122 45
121 237
129 237
122 45
114 13
105 237
113 237
113 237
113 237
113 205
113 204
121 205
121 205
121 205
121 205
113 237
114 13
122 13
121 237
121 237
122 13
122 13
122 13
121 237
122 13
114 13
122 45
122 45
122 13
113 236
113 236
113 237
113 236
121 237
121 205
129 205
129 172
121 236
113 237
113 237
113 236
113 237
113 204
113 205
113 205
113 204
113 205
113 205
121 205
113 236
106 12
121 236
129 204
121 172
121 204
121 204
113 204
121 204
113 204
113 204
113 236
113 205
113 235
113 235
114 11
105 235
106 11
105 236
105 235
105 203
105 204
105 204
105 204
113 172
113 172
113 172
113 204
113 172
105 204
113 204
105 204
113 204
113 204
113 204
113 140
113 173
113 173
113 173
105 172
113 204
113 172
105 139
105 171
105 204
105 203
105 203
105 236
105 204
105 204
105 203
113 204
105 203
105 203
105 203
105 203
105 204
105 203
113 140
121 172
105 172
89 204
89 204
97 172
97 107
105 171
113 139
105 139
113 171
113 171
105 139
113 170
105 170
105 170
105 171
105 139
97 139
97 203
97 170
89 202
97 234
89 170
89 171
89 236
97 140
105 108
113 140
105 139
113 171
105 170
97 170
97 202
97 202
97 202
97 202
105 170
105 171
97 138
97 171
97 170
89 170
97 202
97 170
97 170
105 170
105 139
105 138
105 171
97 139
97 171
97 139
97 139
97 138
97 138
97 106
97 138
97 138
97 138
97 138
97 138
89 170
89 203
81 138
81 202
89 170
89 170
89 108
89 140
89 139
89 107
89 138
89 138
89 138
89 170
89 138
89 138
81 138
81 170
81 138
81 171
81 138
89 138
89 138
89 138
81 137
81 137
81 137
89 137
89 138
89 170
89 138
89 138
89 138
89 106
89 138
89 138
81 138
81 170
73 138
81 138
81 138
89 106
89 106
89 74
89 107
89 106
89 106
89 106
89 106
81 138
89 138
81 138
73 106
73 138
73 138
73 169
73 169
73 169
81 138
81 170
81 138
81 106
81 107
81 106
81 106
81 106
81 106
81 106
81 138
81 106
81 107
89 106
81 106
81 105
89 105
81 73
81 105
81 106
81 106
73 106
73 107
73 139
73 107
73 139
73 106
73 139
73 139
73 106
81 107
81 107
81 106
81 106
81 107
81 107
81 107
73 107
81 107
73 107
73 108
73 107
73 107
END_IMAGE:
