NEW_IMAGE:
66 169
66 169
66 169
66 170
66 201
66 201
74 201
74 201
74 169
74 169
74 169
74 234
74 233
74 233
66 233
66 233
75 10
74 234
74 234
74 233
82 234
82 202
82 234
82 234
82 234
83 10
83 11
75 10
83 10
83 11
83 10
82 234
83 11
83 11
91 10
83 10
83 42
83 42
83 11
83 42
83 11
83 11
83 11
91 11
91 11
90 235
91 11
91 11
91 11
91 43
83 43
83 75
83 75
83 75
83 76
91 44
91 44
83 43
91 75
91 42
91 43
99 107
91 43
91 75
91 75
91 76
91 76
91 44
91 44
99 44
91 44
91 44
91 76
91 76
99 76
99 44
99 76
91 76
91 75
91 76
99 108
91 108
91 108
91 108
99 76
99 76
99 76
99 76
99 76
99 76
99 76
99 108
99 108
99 108
99 108
99 108
99 108
99 140
99 108
99 140
99 108
107 109
99 108
99 108
99 108
99 108
99 108
99 108
99 108
99 108
99 108
99 76
107 108
99 108
99 109
99 109
99 109
99 108
99 108
99 108
99 141
91 108
99 108
99 108
91 108
91 140
99 108
99 108
99 108
99 76
99 76
99 76
99 76
99 44
99 76
91 44
99 44
99 76
91 44
91 44
91 44
91 44
91 12
83 11
83 11
83 11
90 235
90 235
90 235
90 235
82 235
82 203
82 202
74 202
74 170
82 170
82 170
74 170
74 170
74 138
74 138
74 138
74 105
74 105
74 105
74 105
74 73
74 41
74 40
66 8
66 40
66 8
66 8
58 8
58 8
58 7
57 231
57 231
57 198
57 230
57 198
57 166
65 199
73 134
81 69
81 3
80 161
80 161
80 161
88 161
80 129
80 129
88 129
88 97
88 96
88 64
88 96
88 64
88 64
88 96
88 96
88 96
96 64
96 64
96 64
96 64
96 64
96 64
96 64
96 64
96 64
96 64
104 64
104 64
104 64
104 64
104 96
104 64
104 64
96 64
104 64
96 64
96 64
104 64
104 64
104 64
104 32
104 64
104 64
104 64
104 96
104 64
104 64
104 64
104 64
104 96
104 96
104 96
104 96
104 64
104 64
112 64
112 64
112 64
112 32
112 64
112 64
112 32
112 64
112 64
112 64
112 64
112 64
112 64
112 64
112 64
104 64
112 64
112 64
112 64
112 64
112 64
112 64
112 64
112 64
112 64
112 64
104 64
104 64
104 64
104 64
112 96
112 96
112 96
112 96
112 96
112 128
112 96
112 96
112 128
112 96
112 129
112 96
112 128
112 128
112 128
112 128
112 128
112 96
112 97
112 97
112 128
112 160
112 96
112 128
112 128
112 128
112 128
112 160
112 96
112 128
112 128
112 128
112 128
104 128
104 129
104 129
112 96
112 96
112 96
112 96
112 96
112 96
112 96
112 96
112 96
112 96
112 64
112 64
112 64
112 64
112 64
112 64
112 96
104 96
104 96
104 96
104 96
104 96
104 96
104 96
104 96
104 64
104 96
104 64
104 97
104 64
104 96
96 96
96 64
104 64
96 96
96 96
96 97
96 96
96 97
88 96
96 97
96 97
88 129
88 129
88 162
80 163
64 227
65 135
58 42
66 172
74 172
74 171
74 171
74 139
74 172
74 172
74 172
74 172
74 204
74 172
74 172
74 172
74 172
66 172
74 172
74 172
74 173
66 205
66 173
66 172
66 172
74 172
74 172
66 172
66 173
74 172
74 172
66 172
66 172
74 172
66 172
66 172
66 172
66 172
66 140
66 141
66 140
66 141
66 173
66 173
66 173
66 172
66 204
66 204
58 172
66 172
66 172
66 172
66 141
74 141
66 141
66 140
66 172
66 172
66 139
58 139
66 139
66 140
66 172
66 172
58 172
58 172
58 140
58 172
58 172
58 172
66 140
66 140
66 140
58 140
58 172
66 139
58 139
58 139
58 171
58 171
58 140
58 139
58 139
58 139
58 140
58 140
58 140
58 140
58 140
58 140
58 172
58 139
58 140
58 107
58 140
58 140
58 140
58 139
58 140
58 140
58 139
58 140
50 140
58 139
50 139
50 139
50 171
50 139
58 140
58 107
58 108
50 139
50 107
58 107
58 139
58 139
50 139
50 139
50 108
50 140
50 139
50 139
50 107
50 107
50 107
50 107
50 107
50 107
50 107
50 107
50 108
50 107
50 107
50 107
50 107
50 107
50 107
50 107
50 107
50 107
50 107
50 75
42 107
42 107
42 107
42 107
42 107
42 107
42 107
42 107
42 75
42 75
50 75
42 43
42 75
42 75
42 75
42 75
42 75
42 75
42 107
42 75
50 75
50 75
50 43
50 42
50 74
50 74
42 42
42 42
42 75
42 74
42 42
42 74
34 42
42 42
42 75
42 42
42 42
42 42
34 74
42 74
42 42
42 42
42 42
42 42
34 42
42 42
42 42
34 10
42 43
34 42
34 42
42 10
42 10
42 10
34 10
34 9
34 42
34 42
34 10
34 9
34 10
34 10
34 10
34 10
34 42
34 10
34 9
34 9
34 9
42 9
34 9
42 9
33 233
42 9
34 9
33 233
33 233
33 233
34 9
33 233
33 233
33 233
33 233
33 233
33 233
33 233
25 233
25 233
25 233
25 232
25 233
33 233
25 233
25 233
25 201
33 233
25 200
25 200
25 200
25 200
25 200
33 200
33 168
33 200
33 200
33 200
25 200
25 168
25 200
33 168
25 200
25 200
25 200
25 168
25 200
25 168
25 168
25 168
25 168
25 168
25 168
25 168
25 168
25 168
25 168
25 168
25 168
25 167
25 167
25 135
25 135
25 167
25 168
25 135
25 135
25 135
33 135
25 168
25 136
25 135
25 135
25 103
17 135
17 135
17 135
END_IMAGE:
