NEW_IMAGE:
144 200
161 9
152 233
153 9
153 41
153 42
161 10
168 234
168 234
169 10
169 10
161 10
161 10
161 42
153 74
169 41
176 234
177 10
177 10
169 10
169 42
169 42
169 10
169 9
169 9
177 10
177 10
177 10
177 42
169 42
177 42
169 42
169 42
169 42
169 10
176 234
176 234
177 10
169 10
169 9
169 10
177 10
177 10
177 11
176 235
177 11
185 11
185 11
185 11
185 43
185 43
176 234
193 43
185 42
185 10
185 11
177 42
177 42
185 11
177 11
185 43
185 43
177 43
177 43
185 11
185 11
185 11
185 75
185 43
177 74
177 10
185 43
185 11
185 44
185 11
185 11
185 11
185 11
193 11
193 11
193 11
193 11
193 11
193 11
193 11
193 43
185 43
193 12
193 12
200 236
200 237
200 205
192 236
185 12
192 236
192 237
193 12
193 12
193 12
192 236
201 12
193 12
185 43
177 11
185 75
193 76
201 43
193 43
193 43
200 236
200 204
209 13
208 236
193 43
201 43
193 43
193 44
193 12
193 12
193 12
193 11
193 43
193 43
193 43
201 11
201 12
201 12
201 12
193 11
193 43
201 43
193 11
193 11
192 234
193 10
185 10
193 10
192 234
192 234
184 234
193 10
201 107
193 42
185 10
185 42
193 42
193 11
193 11
200 235
200 203
208 204
208 172
216 204
208 204
200 171
200 204
192 235
192 171
200 171
208 203
208 203
208 203
200 203
200 235
200 234
200 234
200 203
200 139
200 171
208 171
200 202
192 202
185 10
192 234
200 202
200 202
200 202
200 202
200 202
200 202
200 202
200 203
200 235
200 203
200 203
200 234
200 234
208 203
208 203
208 203
208 236
208 204
208 204
208 204
208 204
208 204
208 235
208 171
216 171
208 202
200 202
201 10
200 234
200 203
200 203
208 172
216 172
216 172
216 172
216 172
208 203
208 202
208 202
200 234
200 234
200 201
201 10
201 10
200 234
200 203
200 203
200 203
200 203
200 171
208 171
208 203
208 203
208 203
208 203
216 204
216 204
216 172
216 172
216 172
216 204
216 236
208 236
208 203
208 203
208 203
208 203
208 172
216 172
216 205
216 204
216 173
208 204
216 172
216 172
216 203
208 203
208 202
216 203
216 171
224 171
224 172
216 172
224 172
216 203
216 203
216 203
216 203
216 171
216 203
216 203
216 204
224 172
216 172
216 172
216 204
216 204
216 204
216 204
216 204
224 204
216 172
216 204
224 172
224 171
224 172
224 203
224 203
224 172
216 172
216 204
216 172
216 172
216 172
216 171
208 203
208 235
208 235
208 235
216 203
224 203
216 203
216 203
224 171
216 171
216 203
216 203
216 203
216 203
208 235
208 235
208 202
208 203
208 203
216 203
216 203
216 204
216 204
216 204
224 237
216 204
216 236
209 12
208 236
216 204
216 204
224 204
224 204
224 204
224 204
224 236
224 236
216 236
217 12
217 12
224 236
224 204
224 236
216 204
224 204
224 204
224 204
224 236
224 204
224 172
224 172
216 204
224 204
224 204
216 171
216 171
216 203
208 203
208 203
208 203
216 203
216 203
216 172
216 204
216 172
216 171
216 172
216 203
216 203
216 203
208 203
208 203
216 203
216 172
216 172
216 172
216 172
216 172
216 172
208 172
208 204
208 236
216 172
216 172
216 172
208 235
208 203
208 203
208 203
200 235
200 234
200 235
208 203
216 204
216 204
216 203
208 203
208 235
208 171
208 203
208 203
208 203
216 203
216 203
216 203
216 204
216 172
224 172
224 172
224 172
224 172
216 204
216 172
216 171
216 204
208 204
216 204
216 204
216 204
216 204
216 204
216 203
216 203
216 203
216 235
216 203
216 171
216 171
216 172
224 172
224 172
216 204
216 204
216 203
216 203
216 204
216 172
224 204
216 172
217 12
208 235
208 235
216 203
224 171
216 171
216 172
224 204
224 172
216 171
216 171
216 171
216 171
216 171
216 171
216 171
216 139
216 171
216 171
216 203
216 171
216 171
216 171
216 171
216 171
216 171
216 171
224 139
224 139
216 171
216 171
216 171
216 139
216 138
216 138
208 138
208 202
208 203
208 203
216 171
216 171
216 203
216 203
216 203
216 202
208 202
200 234
208 234
208 202
208 170
208 202
208 235
208 203
208 203
208 203
208 172
208 171
208 171
216 203
208 203
200 234
208 235
208 234
208 203
216 171
216 171
216 171
216 171
208 203
208 203
208 202
208 234
208 202
208 203
208 202
200 202
200 202
200 202
200 202
200 234
192 233
193 10
192 233
192 202
200 202
200 203
208 171
208 203
200 203
208 203
208 203
208 171
200 170
200 202
200 202
192 234
193 9
193 9
192 234
192 234
192 234
192 234
200 234
192 202
192 234
192 201
193 10
192 233
192 233
192 233
185 9
176 233
185 9
184 233
184 233
192 234
192 234
192 202
192 202
192 170
192 170
192 170
192 170
192 138
200 170
200 202
192 234
192 202
192 202
192 202
192 202
192 202
200 170
192 202
192 202
192 202
184 234
184 202
192 202
184 202
184 233
184 201
192 202
192 234
184 234
184 234
184 233
185 9
177 9
185 9
184 234
192 203
200 203
192 171
200 203
184 234
185 74
185 10
185 10
185 9
185 9
185 9
185 9
185 10
177 10
185 10
185 10
192 234
192 235
192 235
193 11
192 235
184 235
192 236
200 204
192 235
185 11
184 235
185 11
184 234
184 234
184 234
184 234
184 234
184 234
185 10
185 10
185 42
177 10
177 10
177 10
177 43
177 42
177 43
169 42
177 10
177 10
184 234
184 234
184 234
185 10
184 234
184 234
185 10
177 10
177 10
176 234
177 10
176 234
176 234
176 234
177 10
END_IMAGE:
