NEW_IMAGE:
33 36
25 4
25 36
25 36
25 36
25 36
33 36
33 36
33 36
33 36
33 36
33 68
33 68
33 36
33 68
33 69
33 69
33 69
33 69
33 69
33 69
33 69
33 69
41 69
33 69
33 69
33 69
41 69
41 69
41 69
41 69
41 69
41 69
41 69
41 69
41 69
41 69
33 101
41 101
33 69
33 101
41 101
33 102
33 70
41 102
41 103
41 102
41 134
41 101
41 101
41 101
41 69
41 101
41 101
41 101
41 102
41 102
41 134
41 134
41 101
41 134
41 134
41 101
41 101
41 101
49 134
41 101
49 134
49 134
49 134
41 134
41 134
41 134
41 134
49 134
41 134
49 134
41 134
41 134
41 134
49 134
49 135
49 135
49 135
49 134
49 166
49 166
49 166
49 166
49 134
49 166
49 166
49 166
49 166
49 166
57 167
49 166
49 166
49 166
49 166
49 166
49 166
49 166
49 166
49 166
49 166
49 166
49 166
49 166
49 166
49 167
49 167
57 167
49 167
57 199
49 166
49 167
49 167
57 199
49 166
57 166
49 166
57 198
57 199
57 199
49 167
49 199
49 199
49 167
49 199
57 199
57 199
57 167
57 199
57 167
57 167
57 199
57 199
57 199
57 199
57 199
57 199
57 199
57 199
57 199
57 199
57 199
57 199
57 199
57 199
57 199
57 199
57 199
57 199
57 199
57 199
57 199
57 200
57 199
57 199
57 199
57 200
57 200
57 200
57 199
57 199
57 199
57 199
57 199
57 231
57 231
57 199
57 199
57 199
57 199
57 199
57 199
57 199
57 199
57 199
57 199
57 199
57 199
57 199
57 199
57 199
57 199
57 232
57 231
57 200
57 232
57 231
57 231
57 231
57 231
57 231
65 231
57 199
65 199
65 199
57 199
57 231
57 231
57 231
57 231
57 231
65 231
57 199
65 199
65 231
57 199
65 199
65 167
57 199
57 199
57 199
57 231
57 231
57 231
57 232
57 232
57 200
57 199
57 199
57 199
57 199
57 231
57 231
57 231
57 231
57 231
57 199
57 199
57 199
49 199
49 166
57 231
49 134
41 101
33 36
33 36
41 69
33 5
32 228
32 197
32 228
32 228
32 196
32 228
32 195
41 4
33 3
41 68
41 36
41 36
41 36
41 37
41 5
41 37
41 37
41 37
41 69
41 69
41 69
41 69
49 101
49 101
49 101
49 102
49 102
49 102
49 134
49 135
49 103
57 167
57 199
65 200
65 200
65 200
65 201
65 232
66 8
66 41
74 42
74 42
74 74
74 106
74 75
74 74
82 107
82 107
90 139
90 139
90 171
90 204
90 172
90 204
90 203
90 204
90 204
90 204
90 204
90 204
98 236
98 204
98 204
98 204
98 204
98 236
98 236
98 236
98 236
98 236
90 236
99 12
99 12
99 12
98 236
99 12
99 12
99 12
99 12
99 12
99 13
98 237
98 237
99 13
99 13
99 12
99 13
99 13
98 237
99 13
99 13
99 12
99 13
99 13
99 13
107 13
99 13
99 13
99 13
99 12
99 45
99 13
99 13
99 13
99 12
99 12
99 44
107 45
99 13
99 45
99 45
99 45
99 12
99 45
99 45
99 13
99 13
107 13
107 13
107 14
99 13
98 237
99 13
99 13
99 13
99 12
99 12
99 12
99 13
99 12
99 45
99 13
99 13
99 45
99 13
107 13
99 13
107 13
107 45
99 45
99 45
99 45
99 44
99 12
99 13
99 13
99 13
99 13
99 12
99 12
99 12
99 12
99 12
99 45
107 45
99 13
99 12
99 12
99 12
99 12
99 13
99 12
98 237
99 13
98 237
99 13
99 12
99 12
99 12
99 12
99 12
99 13
99 12
99 12
98 236
99 13
99 13
99 45
99 13
99 13
98 237
98 237
98 237
98 236
98 236
99 12
99 12
99 12
99 12
98 236
99 12
99 12
99 12
99 12
99 12
99 12
98 236
99 12
99 12
99 12
98 236
98 236
98 237
98 237
90 204
98 237
98 237
98 237
98 237
98 237
98 237
98 237
90 236
90 236
90 236
90 236
90 236
90 236
90 236
90 204
90 204
98 204
98 237
90 236
90 203
90 236
90 236
90 236
90 236
90 236
90 204
90 203
90 204
90 204
90 204
90 204
90 203
90 204
82 203
90 203
90 203
90 236
90 203
90 203
90 203
90 203
90 235
90 235
90 236
90 204
90 204
90 203
90 203
90 203
90 203
90 203
90 171
90 203
82 203
82 203
82 171
82 171
90 171
90 171
90 171
82 171
82 171
82 171
82 171
82 171
82 172
82 171
82 171
90 203
90 171
82 171
82 171
82 138
82 171
82 171
82 171
82 171
82 139
82 171
82 138
82 139
82 171
82 138
82 170
74 138
74 138
82 138
82 138
82 138
82 138
82 138
82 139
82 138
82 138
74 138
74 139
74 139
74 139
74 107
74 139
74 106
74 106
74 106
82 139
74 106
74 106
74 106
74 106
74 106
74 106
74 105
82 138
74 105
74 105
74 106
74 106
74 106
74 106
74 106
74 107
74 106
74 106
74 106
74 106
74 106
74 105
74 73
74 105
74 73
74 73
74 73
74 73
74 73
74 74
66 73
66 74
74 106
74 73
74 73
74 105
74 73
66 73
66 73
66 73
74 73
74 73
66 41
66 74
66 41
66 74
66 73
66 73
66 106
66 73
66 73
66 74
66 42
66 42
66 42
66 41
66 41
66 73
66 41
66 41
66 41
66 73
66 73
66 74
58 41
58 41
66 41
66 41
66 41
66 40
66 40
66 40
66 41
66 41
58 41
58 41
58 9
58 9
58 8
58 40
58 40
58 40
58 40
58 8
58 8
58 8
58 8
49 232
END_IMAGE:
