NEW_IMAGE:
81 41
89 106
89 139
89 107
89 139
89 139
81 171
89 139
89 139
89 139
89 139
89 107
97 140
97 140
97 140
97 140
97 140
97 140
97 140
89 139
89 139
89 171
89 171
89 139
97 139
97 139
105 140
97 138
105 170
97 170
89 202
89 170
97 171
97 140
105 108
97 140
97 140
97 172
97 172
89 139
97 204
97 140
97 171
97 204
89 172
89 172
97 204
97 204
89 204
97 204
97 204
97 172
105 140
105 172
105 172
105 173
105 173
105 237
105 172
105 173
105 140
105 141
105 140
105 141
105 140
105 172
97 172
97 171
113 172
105 172
105 204
105 172
105 204
105 172
113 172
113 173
113 140
113 172
105 172
105 172
105 172
105 204
105 173
105 173
105 172
105 172
113 204
113 204
113 172
113 205
113 205
113 173
105 205
105 205
105 205
105 204
113 204
105 204
105 204
105 204
105 204
105 204
105 204
105 205
105 172
113 173
105 172
105 204
113 204
105 204
105 203
113 203
113 204
113 204
113 204
113 204
113 204
113 204
113 205
113 205
105 204
105 204
105 172
105 173
113 173
113 173
113 173
113 173
113 204
113 172
113 172
113 172
113 171
113 172
113 204
113 203
113 203
113 204
105 204
105 172
105 172
105 172
113 172
113 172
113 204
113 172
113 203
113 204
105 203
105 204
105 204
113 204
121 237
113 204
113 204
113 139
113 172
121 173
113 173
113 173
113 141
113 140
121 172
113 204
113 204
113 204
113 204
113 173
113 173
113 173
113 204
113 204
105 204
113 204
113 236
105 236
105 235
113 235
113 203
113 236
105 236
106 12
105 236
105 235
113 236
105 204
105 235
113 204
113 205
113 204
113 204
113 204
113 235
114 13
113 236
113 236
113 204
113 172
121 204
113 172
113 205
113 204
113 173
121 173
121 173
121 205
121 205
121 205
121 173
121 173
113 140
113 205
113 204
105 203
113 237
113 236
113 236
121 238
121 237
113 205
113 205
113 205
113 236
113 204
113 204
113 204
113 204
113 204
113 205
113 205
113 206
113 141
121 142
121 173
121 205
121 204
121 236
121 236
114 12
122 12
122 44
121 236
121 236
121 203
121 204
121 204
121 205
129 205
129 237
121 205
121 205
121 236
121 204
121 204
129 204
121 204
113 236
121 204
121 203
121 203
121 171
121 171
121 172
121 204
113 204
121 204
121 172
121 204
121 171
121 171
113 203
121 204
121 172
121 205
121 205
113 236
113 236
121 236
121 204
129 204
129 236
121 204
129 204
121 205
121 205
113 204
113 236
113 237
114 13
121 237
121 205
121 237
121 237
121 237
121 237
121 237
121 237
121 205
121 237
121 205
121 206
121 238
121 205
113 205
113 237
113 237
105 236
114 13
113 205
113 173
121 174
121 206
113 238
113 205
121 237
130 14
129 206
121 173
121 237
121 236
122 44
130 44
130 12
122 12
129 236
130 13
129 237
130 14
130 14
130 14
121 238
129 237
130 13
130 45
137 238
129 238
129 238
130 14
122 46
122 45
122 13
122 13
122 13
122 13
121 237
129 237
129 237
121 237
121 237
121 205
129 205
129 206
129 206
129 206
129 237
129 237
129 205
129 205
129 237
129 205
129 238
129 237
121 237
121 238
122 14
129 238
129 237
129 205
129 205
122 14
114 14
114 13
114 13
114 13
114 45
114 13
114 13
114 13
113 205
113 205
121 205
113 237
113 237
114 13
113 205
121 205
121 205
121 205
114 13
113 237
114 14
114 14
121 237
121 237
121 237
121 237
121 237
121 237
122 13
113 237
121 237
121 205
121 205
121 237
113 236
113 237
113 236
113 204
113 237
121 205
121 204
113 204
113 205
113 172
121 206
121 205
121 173
121 173
121 205
121 205
121 205
121 205
121 205
121 204
121 172
113 172
113 205
113 205
121 173
121 173
121 172
121 172
121 204
121 204
121 204
121 236
113 204
113 172
113 173
113 173
113 173
113 172
105 172
105 172
105 204
105 204
105 204
105 205
105 205
105 173
113 204
113 172
113 172
113 172
113 172
113 172
105 204
105 204
105 204
105 204
105 204
105 172
113 172
113 172
113 172
113 204
113 203
113 203
113 235
105 203
105 203
113 204
113 172
113 172
113 172
105 172
105 172
105 172
105 140
113 172
113 172
105 172
105 172
105 171
105 171
105 172
105 172
105 203
97 203
97 170
105 202
105 171
105 170
105 203
105 172
105 172
97 172
97 139
105 171
105 140
105 107
97 139
97 140
105 140
105 139
105 139
105 139
97 139
105 171
97 171
97 139
97 171
97 203
97 170
97 170
97 170
97 170
97 171
97 171
97 171
97 170
97 170
97 170
97 170
97 203
97 171
97 203
97 171
97 170
97 170
97 202
89 170
89 170
81 170
89 170
97 170
97 170
97 139
97 171
89 139
89 139
97 139
89 171
89 139
97 139
97 139
89 140
97 140
97 139
89 139
81 138
89 170
89 106
89 139
89 139
89 139
97 139
89 138
89 138
97 138
97 139
89 107
81 139
81 139
81 139
89 138
89 138
89 138
89 138
89 106
89 139
81 107
89 139
81 107
81 107
81 106
81 107
81 107
81 139
81 139
81 139
81 139
73 139
73 170
73 170
73 170
81 170
81 138
81 138
81 138
81 170
81 138
81 106
81 74
81 106
81 107
89 107
81 107
81 107
81 107
89 107
89 107
89 107
81 74
81 106
89 106
89 106
81 106
81 139
81 106
81 138
81 138
73 138
73 106
81 107
81 74
89 74
81 106
81 107
81 107
81 107
81 107
81 42
81 107
73 75
81 107
81 107
73 107
73 139
81 107
81 107
81 107
73 138
81 107
81 107
81 107
73 108
81 76
81 77
81 77
END_IMAGE:
NEW_IMAGE:
65 106
65 74
65 75
73 76
65 75
65 106
65 107
73 107
65 106
65 107
73 107
73 75
73 107
73 107
73 107
73 107
81 75
81 75
81 75
73 75
81 75
73 106
73 106
81 107
81 107
73 107
65 106
73 106
81 107
81 139
81 107
81 139
81 107
81 107
81 106
81 138
81 138
73 106
81 139
73 139
73 139
73 139
81 139
81 139
81 139
81 139
81 171
81 139
81 107
81 107
81 139
89 108
97 108
89 140
81 139
81 139
81 171
89 140
89 140
81 75
89 140
89 140
81 172
89 140
89 140
89 140
89 141
89 141
89 173
89 172
81 171
89 172
89 172
89 172
89 171
89 172
89 171
89 171
89 203
89 172
89 172
97 172
97 172
89 172
89 172
89 172
97 172
97 173
97 204
89 171
97 204
97 172
105 172
97 205
89 206
97 206
97 205
105 205
97 173
97 173
97 173
97 173
97 205
97 205
97 237
97 205
105 173
105 205
105 205
105 205
105 205
105 205
105 205
105 173
105 205
97 205
97 205
97 205
97 204
105 204
105 172
97 173
97 173
97 204
97 172
97 205
97 205
105 173
105 173
105 173
105 206
105 206
105 173
97 205
97 204
97 205
97 205
97 205
97 205
97 205
97 205
97 174
97 174
97 174
97 206
97 205
105 205
105 205
105 173
105 173
105 173
105 174
105 173
105 173
105 205
105 205
105 174
105 110
105 174
105 206
97 206
97 205
97 205
97 204
97 205
97 206
97 206
97 206
105 173
105 173
105 205
105 205
105 205
105 237
105 204
105 204
105 205
113 205
113 205
113 206
113 206
113 206
105 206
105 173
105 205
105 205
97 237
105 206
113 174
113 174
113 206
113 175
113 207
113 206
113 206
113 206
105 237
105 205
105 205
105 237
105 237
105 238
105 206
105 207
113 207
113 206
121 207
113 206
113 206
113 238
113 238
113 238
113 237
106 13
98 45
105 237
122 13
114 14
121 239
113 238
113 238
113 238
113 238
121 238
121 237
113 237
114 13
122 14
122 14
122 14
122 14
114 14
114 78
122 79
122 46
122 79
114 46
114 14
130 14
122 14
122 14
121 238
130 15
121 238
122 14
121 239
122 15
122 14
122 46
122 46
122 46
122 46
122 14
122 15
130 15
130 15
122 47
130 80
130 47
130 47
130 47
130 79
130 47
130 47
130 47
122 47
122 47
130 80
122 79
114 46
114 45
122 45
121 238
122 14
121 240
121 240
122 16
121 240
122 16
122 47
122 47
122 47
114 47
122 47
122 15
114 47
114 16
122 16
122 16
122 16
122 48
122 15
122 47
122 14
122 47
122 47
114 47
122 80
113 240
122 17
122 48
122 48
122 47
122 79
114 79
114 79
122 79
122 48
130 15
122 15
122 47
122 15
122 15
122 14
122 15
114 46
114 46
122 47
122 15
121 239
129 239
130 15
129 239
129 239
121 239
122 15
122 48
122 16
122 48
122 15
130 47
121 238
122 14
121 238
114 14
113 238
122 14
113 239
122 15
121 239
122 15
130 15
129 238
130 15
130 15
122 14
122 47
122 47
122 47
130 15
130 15
130 15
130 15
130 15
130 47
122 47
122 78
122 46
122 110
122 78
130 46
130 47
130 15
130 15
130 15
130 15
130 15
121 239
130 15
130 47
130 47
122 47
122 46
122 46
122 14
122 47
122 47
122 47
122 47
122 15
130 15
130 48
130 47
130 47
130 47
130 47
122 47
122 79
122 46
122 111
122 46
122 47
122 14
122 14
130 15
129 239
130 15
121 239
122 15
121 238
121 238
122 14
122 46
122 13
114 13
122 14
122 14
122 13
114 46
114 45
114 13
114 13
122 13
122 46
122 13
122 13
121 238
113 237
114 14
113 239
114 14
114 14
122 14
121 238
121 238
113 238
113 237
114 14
114 13
114 13
113 237
113 238
113 238
113 238
114 14
114 14
114 13
114 14
105 237
113 238
113 238
113 238
105 237
105 237
113 238
113 238
113 238
113 238
113 238
105 238
113 238
113 206
121 238
113 206
113 237
113 237
106 13
106 13
106 13
105 238
105 206
105 238
113 206
105 238
106 46
106 14
106 14
106 46
105 238
105 206
105 238
113 206
113 206
113 206
113 206
113 206
113 206
113 206
105 174
105 238
97 205
89 173
97 205
97 173
97 173
97 205
97 205
97 205
97 204
105 237
97 237
105 237
105 205
105 206
105 206
105 238
105 238
97 238
98 13
98 14
98 13
97 238
89 238
97 238
97 238
97 237
97 237
97 238
97 205
97 236
105 205
97 204
97 205
97 204
89 204
89 140
97 173
97 173
97 141
105 206
105 206
105 173
97 173
97 205
97 205
97 173
97 173
97 173
97 173
97 141
105 173
97 205
89 205
89 173
89 204
89 204
89 204
97 173
89 205
89 172
89 204
89 204
97 171
97 172
97 140
97 141
97 141
89 172
89 139
89 171
89 171
89 172
89 171
81 139
89 171
89 171
89 140
89 140
81 172
89 172
89 172
89 172
89 203
89 203
81 171
81 172
89 172
97 141
97 141
89 108
89 140
89 140
89 140
89 140
89 140
89 172
89 172
89 172
81 204
81 172
81 172
81 171
89 107
89 140
81 173
89 141
97 140
89 141
89 141
89 108
89 140
81 204
73 203
73 171
73 172
73 172
81 172
81 172
89 172
89 172
81 172
81 172
81 172
89 140
89 140
89 140
81 140
81 172
73 140
73 172
73 204
81 172
89 172
81 172
89 140
89 140
89 140
81 140
81 172
81 173
73 172
81 172
81 171
81 172
81 139
81 140
73 140
73 141
73 141
73 141
73 172
73 140
81 140
81 140
81 108
81 108
81 140
81 140
73 140
81 108
END_IMAGE:
NEW_IMAGE:
65 75
65 75
65 108
65 108
57 107
57 107
65 139
65 139
65 105
65 106
73 74
73 75
73 75
65 107
65 107
65 108
65 108
65 107
73 108
73 108
65 108
65 108
73 140
73 140
73 108
73 172
73 139
73 107
81 108
73 140
73 172
73 107
73 139
73 107
81 140
81 107
81 107
73 140
73 140
73 140
73 140
73 140
73 140
73 141
73 140
81 141
81 141
81 108
81 140
81 140
81 140
73 172
73 172
73 173
81 141
81 140
81 140
81 173
81 140
81 108
89 141
81 109
89 141
89 141
81 141
89 141
89 172
89 173
89 173
81 173
81 205
81 173
89 141
89 173
89 173
89 173
89 173
81 173
89 174
89 174
89 174
89 174
89 206
89 142
97 174
89 174
89 173
89 141
97 205
89 205
89 205
89 206
81 174
81 175
81 174
81 174
89 174
89 174
89 173
89 205
89 205
89 205
81 237
81 237
81 204
81 205
89 205
89 206
89 173
89 205
89 205
89 173
89 173
89 206
89 173
89 174
89 174
81 205
81 206
89 173
97 174
97 206
97 238
97 238
98 14
98 15
98 15
97 239
98 15
98 16
90 15
98 15
98 15
98 15
98 15
106 15
105 239
105 240
106 16
97 239
106 15
106 15
106 15
106 47
106 112
98 47
106 112
114 145
114 146
114 146
114 146
114 147
122 115
114 115
114 82
114 80
106 48
106 48
106 48
106 16
114 16
105 240
106 16
105 240
106 16
105 240
113 240
106 16
113 240
113 241
113 240
105 240
106 15
106 15
106 15
106 15
106 15
105 240
105 240
97 239
98 15
105 239
105 207
106 16
98 47
106 16
106 16
106 17
105 240
105 240
105 240
113 240
105 240
105 240
105 240
105 240
106 16
106 16
106 16
106 16
106 16
106 17
106 17
106 17
114 49
106 16
106 16
106 16
106 48
98 16
106 48
106 15
106 48
106 16
106 16
106 16
106 80
106 80
106 47
106 47
106 48
106 48
106 16
106 16
106 15
106 16
106 16
106 48
106 16
106 16
114 48
114 49
106 16
106 48
106 48
106 48
106 80
106 80
98 79
114 80
114 48
114 48
114 16
114 16
114 16
114 16
106 48
106 49
106 17
114 49
106 48
106 48
106 49
114 18
114 81
114 48
106 16
114 80
106 79
106 79
106 79
106 112
106 80
114 81
114 81
114 49
114 49
114 49
122 49
122 17
122 17
122 17
122 17
114 49
114 49
114 50
114 49
114 49
114 81
114 48
114 49
114 49
114 49
114 49
114 49
114 49
114 80
114 80
122 80
122 48
114 48
114 49
122 49
114 17
114 49
114 80
114 81
114 49
114 49
114 50
122 50
122 49
114 81
114 81
114 48
114 81
114 81
114 49
122 49
122 49
122 17
122 49
114 80
114 81
114 112
114 81
114 49
114 49
114 81
114 81
114 113
114 81
114 113
114 113
114 81
122 81
122 49
122 50
114 81
122 114
114 113
114 48
114 49
122 49
114 49
114 49
114 49
114 49
114 50
114 50
122 49
122 17
122 49
114 49
106 80
106 80
106 81
106 81
114 81
114 81
106 81
114 81
114 49
114 50
122 50
122 18
122 18
122 18
122 17
122 49
122 17
122 49
122 49
122 50
122 50
122 18
122 50
122 18
122 49
114 49
114 81
114 81
114 113
114 80
114 81
114 80
114 81
114 81
114 81
114 81
114 81
114 49
114 50
114 50
114 81
114 81
114 81
114 49
122 49
114 49
114 49
114 81
114 113
114 81
114 81
114 82
114 50
114 50
114 49
122 81
122 49
114 49
114 49
114 16
122 17
122 17
122 48
114 48
114 80
114 80
114 49
106 16
114 81
114 81
114 81
114 49
114 49
114 17
114 49
114 49
114 49
114 49
114 49
114 49
114 49
114 49
114 49
114 49
114 49
114 49
106 17
114 49
114 80
114 80
114 80
106 80
106 81
106 49
106 17
114 18
121 209
121 241
122 49
122 17
122 17
114 49
114 16
106 48
106 16
106 48
106 17
106 17
106 49
106 48
106 80
106 48
106 48
114 49
114 49
106 49
106 49
106 49
106 49
106 48
98 80
106 16
113 241
113 241
106 16
106 16
106 16
106 17
114 16
106 49
106 48
106 16
106 16
106 16
106 16
106 16
106 16
106 16
106 16
106 17
106 17
106 49
106 16
98 47
98 47
98 47
106 47
106 16
106 16
105 240
106 16
106 16
106 16
98 16
98 16
98 16
98 16
106 49
97 241
98 16
90 15
98 48
97 239
98 16
105 240
105 240
105 240
97 240
97 240
105 240
105 240
98 16
90 16
98 16
98 16
98 16
98 15
97 239
97 240
105 240
105 240
106 15
98 15
98 15
98 15
98 15
106 15
97 239
97 239
97 239
97 239
97 239
98 15
89 239
90 15
90 15
90 14
81 238
97 239
97 208
97 208
97 208
90 17
97 208
97 208
97 240
89 239
89 239
97 239
89 239
89 238
97 239
97 207
97 239
97 239
97 239
97 239
89 240
89 207
89 208
97 207
89 239
90 15
89 239
81 239
89 239
97 207
89 239
89 239
89 239
81 239
81 239
81 207
89 207
89 207
89 207
89 175
89 207
81 239
81 239
81 238
81 239
81 239
81 239
89 207
81 207
81 239
81 207
89 239
81 206
81 206
81 207
81 175
81 207
81 206
73 206
81 239
81 206
81 206
81 207
81 207
81 207
81 207
81 207
81 206
81 174
81 174
81 174
81 206
81 206
81 206
81 174
81 174
89 175
89 143
89 175
81 207
81 175
73 174
81 174
81 174
81 175
73 206
73 174
81 142
81 174
81 175
81 175
81 175
73 175
73 174
73 141
73 174
73 175
73 174
73 142
END_IMAGE:
NEW_IMAGE:
73 104
81 105
89 105
89 137
89 137
89 105
97 105
97 105
97 105
89 137
97 137
89 138
89 138
97 138
97 138
97 138
97 138
97 106
97 138
97 138
97 138
97 138
97 138
97 138
89 138
89 169
89 169
89 169
89 169
97 170
97 138
97 138
97 138
97 138
97 137
97 137
97 169
97 169
97 170
97 139
97 139
97 171
97 170
97 171
97 138
105 170
97 170
105 202
105 170
97 170
97 202
97 202
97 170
97 171
113 172
105 139
105 171
105 171
113 204
113 172
113 204
105 171
113 204
113 172
113 204
113 171
113 171
113 203
105 203
105 203
105 203
113 203
113 203
113 171
121 204
113 204
113 203
113 236
113 203
113 204
113 204
113 205
113 204
113 173
113 172
113 204
113 204
113 204
113 236
113 204
113 204
113 172
113 172
113 204
105 204
113 172
105 172
113 172
113 171
113 171
113 171
113 171
113 171
105 171
97 171
105 138
121 139
121 172
121 172
121 204
113 236
113 236
114 12
114 12
113 236
113 237
114 46
113 206
122 14
113 237
113 238
113 238
121 206
121 205
121 205
121 205
121 205
121 205
113 205
121 237
113 204
113 237
113 204
113 204
113 172
113 172
113 172
113 172
113 204
113 172
121 172
121 173
121 204
121 205
113 172
113 172
113 172
113 140
113 173
113 172
113 205
113 204
113 172
121 173
121 172
121 204
121 204
121 237
113 237
113 237
114 13
113 237
113 205
121 205
121 173
113 205
113 173
113 173
113 173
113 173
121 205
121 237
121 204
121 237
121 205
121 205
121 237
121 238
121 237
121 205
121 205
121 206
113 205
113 205
113 237
113 204
113 204
113 204
113 205
113 140
113 172
105 140
113 139
113 172
105 203
113 235
113 234
113 235
121 203
113 236
105 236
113 236
113 236
105 172
113 205
113 204
105 203
113 171
121 171
121 172
121 171
121 171
113 170
113 170
113 171
113 139
113 139
113 171
113 170
113 170
105 202
105 202
105 202
105 202
113 203
122 12
114 12
122 13
122 13
122 45
122 46
130 14
130 13
130 45
130 46
122 45
122 78
130 78
122 78
130 79
130 111
130 46
138 47
138 15
137 239
138 15
130 78
130 46
138 14
138 47
130 14
129 238
122 14
129 238
129 205
129 206
121 238
129 206
137 173
137 237
129 172
129 204
129 236
129 236
129 205
129 205
129 205
121 172
121 236
121 204
129 204
121 236
121 205
121 205
121 205
121 237
121 237
121 237
121 205
121 204
121 204
121 236
121 236
121 236
121 236
121 236
121 236
121 204
121 172
129 172
129 172
129 172
129 172
129 204
121 203
121 234
113 234
113 235
113 203
121 203
129 139
129 204
113 204
113 204
121 204
121 204
121 204
121 172
121 172
121 171
121 203
129 204
129 172
129 204
121 236
121 203
121 203
121 204
121 204
121 172
121 204
121 172
121 172
121 171
121 172
121 172
121 172
121 172
113 203
113 203
113 171
121 204
121 172
121 172
121 172
121 204
121 171
121 203
113 203
113 203
113 234
113 203
113 234
113 202
113 234
113 202
113 170
113 170
113 171
113 138
121 171
113 235
113 203
113 203
113 203
105 139
113 171
113 138
121 170
121 203
121 171
121 171
121 107
121 139
113 139
121 107
129 139
121 138
113 106
121 170
121 170
113 137
121 138
121 170
105 170
105 170
113 202
113 202
113 202
113 202
113 170
121 170
129 170
121 203
121 203
113 139
113 171
121 171
121 139
113 138
121 171
113 138
113 171
113 171
121 171
105 138
113 234
114 10
114 11
114 11
113 235
121 171
121 171
113 106
121 107
121 172
121 172
113 203
113 202
113 234
113 234
113 234
105 234
106 11
105 235
113 203
113 171
105 170
113 202
113 170
113 202
113 202
113 202
113 170
113 202
105 170
113 202
113 170
113 169
105 201
97 169
105 202
113 202
113 171
121 236
121 171
121 171
113 170
105 234
113 235
106 10
106 10
105 234
105 234
105 234
113 235
105 235
105 203
113 204
113 236
105 235
113 204
121 236
121 236
113 171
113 236
106 11
106 11
106 11
113 236
113 204
113 204
113 237
113 237
114 77
114 44
114 12
122 45
114 12
122 44
121 203
130 12
121 236
122 12
122 76
114 11
121 236
113 203
114 12
122 13
114 11
114 11
105 235
105 235
105 235
114 12
105 235
113 235
121 234
121 235
121 203
113 204
121 236
113 203
113 203
113 203
113 203
113 171
121 172
113 171
113 203
105 204
105 236
113 204
121 203
113 235
105 234
105 203
105 204
113 204
105 204
113 172
113 204
113 172
113 171
113 203
113 171
113 171
113 171
105 203
105 171
105 203
105 203
113 203
113 203
105 172
113 172
105 140
113 140
105 204
97 204
97 204
97 236
97 172
97 172
113 172
121 140
113 172
105 204
105 172
105 172
105 172
105 204
105 172
105 139
97 172
89 172
89 172
89 204
89 171
89 171
89 171
89 202
89 202
89 202
89 171
89 171
97 140
89 171
89 139
89 171
89 138
97 73
97 138
89 138
89 137
97 170
89 105
97 106
97 106
89 105
97 106
89 106
89 105
89 106
89 41
97 41
89 9
89 72
81 72
89 73
89 40
81 40
73 39
73 104
81 105
89 72
81 40
89 41
81 9
81 8
73 72
65 72
57 104
57 136
57 104
65 104
73 40
89 40
81 72
73 105
65 105
65 105
57 73
65 137
65 105
65 105
65 105
65 137
57 137
57 169
57 137
57 137
65 137
65 106
65 139
65 170
65 202
65 138
73 171
81 172
81 204
73 204
73 236
73 202
73 172
73 140
81 140
81 140
73 140
65 171
73 171
73 236
73 236
73 204
73 237
73 237
74 13
74 45
74 12
END_IMAGE:
NEW_IMAGE:
48 201
48 201
40 233
41 9
41 9
41 9
49 9
48 234
56 234
56 234
56 234
49 10
49 10
57 11
57 10
49 10
49 42
49 10
49 10
49 10
49 42
57 42
57 42
57 43
57 43
57 43
57 11
65 43
57 43
65 44
65 12
57 43
57 43
65 43
65 43
65 44
65 12
57 43
65 44
65 13
65 12
65 44
65 44
65 44
65 45
65 13
65 46
65 78
65 45
65 46
65 78
65 77
65 77
65 77
65 78
65 78
65 78
65 78
65 111
65 111
65 110
73 111
73 111
73 144
73 144
65 112
81 145
73 144
73 112
81 144
81 144
73 143
73 144
73 111
81 112
81 144
73 144
81 177
81 145
81 145
81 145
81 145
81 145
73 177
81 177
81 177
81 145
81 145
89 177
89 145
89 145
81 177
81 177
73 146
81 178
73 178
73 178
73 210
73 177
81 178
89 146
89 178
81 177
73 177
73 209
81 145
89 145
89 146
89 178
81 145
81 145
81 145
81 145
81 145
81 145
81 145
81 177
81 178
81 146
81 145
81 145
81 145
81 145
81 178
81 177
81 177
81 145
81 177
81 177
81 177
81 146
81 114
89 146
81 146
81 146
81 178
81 178
89 146
89 178
89 146
89 146
89 146
89 147
81 179
81 178
81 146
89 146
89 178
89 178
89 178
89 146
89 178
89 147
89 180
89 147
89 179
89 147
89 179
89 179
81 179
81 211
89 179
97 147
97 179
89 147
89 179
89 179
89 210
89 179
89 179
89 210
89 210
89 242
81 210
89 210
89 210
89 210
89 210
97 211
97 179
89 179
89 179
89 212
89 211
89 211
89 212
89 211
89 211
89 211
89 212
89 211
89 179
89 211
89 211
89 210
89 210
89 210
97 178
105 179
105 147
105 148
97 180
97 212
106 21
97 244
106 21
105 244
97 244
97 244
97 245
97 245
105 212
113 212
105 244
105 244
105 244
105 243
106 20
106 19
106 20
106 19
98 19
97 243
105 244
105 212
105 244
105 244
106 19
106 19
106 51
106 19
106 20
106 20
106 20
106 20
106 20
106 51
106 52
106 52
106 20
114 52
114 20
106 52
114 20
114 20
114 20
106 52
114 20
114 20
114 19
114 20
114 52
114 20
114 21
114 20
114 20
114 52
114 52
114 52
114 52
114 52
114 52
114 52
114 53
114 53
114 53
114 53
114 53
114 54
114 21
122 53
114 53
114 53
114 86
114 86
114 53
122 54
122 86
122 86
122 54
122 54
122 86
122 54
122 86
122 86
122 86
114 86
122 86
122 85
122 85
122 150
122 118
122 117
122 118
130 151
122 118
122 150
122 150
122 150
122 150
122 151
122 151
122 150
122 182
122 182
122 183
122 182
122 151
130 183
122 182
122 150
122 150
130 150
122 182
122 182
122 182
122 182
122 182
122 182
122 182
122 183
122 151
130 183
130 150
130 151
130 151
130 151
130 151
122 151
130 151
122 151
122 151
130 151
122 151
122 150
130 151
130 119
130 119
122 119
130 151
130 151
130 151
130 151
130 151
122 182
122 182
122 182
122 182
122 150
122 150
130 151
130 150
130 151
130 151
130 151
130 151
122 183
122 182
130 183
130 183
130 183
130 215
130 183
122 214
122 215
122 150
122 119
130 151
122 151
122 119
130 151
122 119
130 151
130 151
122 151
122 151
130 151
130 151
130 151
130 151
130 151
130 183
122 182
122 182
122 182
122 214
122 214
122 214
122 182
122 150
130 151
130 151
130 183
130 150
130 183
130 183
130 182
130 183
130 183
130 183
130 151
130 183
130 183
130 183
130 152
130 151
130 184
130 184
130 183
130 183
130 183
130 183
130 183
130 183
130 183
130 183
130 183
130 183
130 183
130 183
130 183
130 183
130 183
130 151
130 151
130 151
130 183
130 183
130 151
130 151
130 183
130 216
130 183
130 151
130 151
138 216
130 183
130 184
130 151
130 151
130 151
122 118
122 150
122 149
122 181
122 182
122 182
130 183
122 182
122 150
122 182
122 181
122 182
122 150
122 182
122 150
122 182
122 182
122 182
122 182
122 182
122 150
122 149
122 182
122 150
122 182
122 182
122 182
122 182
122 182
122 150
122 151
122 182
122 182
122 182
122 182
122 181
122 149
122 150
122 150
122 182
122 150
122 150
122 150
122 150
122 150
122 150
130 183
130 150
130 182
122 182
122 149
122 182
122 150
130 182
130 182
122 150
122 182
130 182
122 182
122 182
122 150
122 182
122 182
122 182
122 181
122 181
122 181
122 149
114 148
122 117
122 151
130 183
122 183
122 215
122 182
130 214
130 183
130 183
130 183
130 183
130 182
122 181
122 149
122 181
122 182
122 182
122 182
130 182
130 182
130 150
122 214
114 213
114 116
122 149
122 181
122 181
122 149
122 181
122 149
122 181
114 180
122 181
114 117
122 117
114 85
106 115
90 80
114 18
106 49
98 49
98 49
98 17
98 18
106 50
98 18
105 241
97 209
97 208
97 241
97 240
97 208
97 208
89 207
89 240
89 208
89 208
89 240
89 208
89 208
89 208
89 208
89 176
89 208
89 175
89 208
89 175
81 175
89 207
81 175
81 175
81 175
81 175
81 176
81 175
81 175
81 208
81 176
81 208
81 175
89 175
81 175
81 143
81 176
81 144
81 144
81 175
81 175
81 175
81 175
81 175
81 143
81 143
81 175
81 175
81 175
73 175
73 175
73 175
81 144
73 175
73 175
81 143
73 175
73 174
73 174
73 142
73 175
73 175
73 175
73 207
73 175
73 175
73 143
73 142
73 143
73 175
73 111
81 143
73 111
73 111
81 143
73 143
81 143
81 143
73 111
73 142
73 143
73 143
73 143
END_IMAGE:
